100
0 40 6 36 22 22 9 6 22 22 29 15 29 50 57 36 22 9 22 29 36 50 57 15 36 22 9 13 7 22 11 34 11 15 29 22 36 57 47 29 54 47 60 44 11 7 17 11 33 6 19 6 21 23 32 47 47 27 30 17 30 19 34 46 46 40 57 10 6 17 33 41 40 46 48 7 6 11 7 13 14 6 13 21 33 39 39 11 15 32 37 33 30 26 30 26 34 34 27 39 15 
40 0 30 15 14 14 36 27 50 50 57 18 13 26 32 15 14 24 50 57 15 26 32 18 15 14 24 20 26 50 39 62 39 43 57 50 15 32 24 13 30 24 35 21 21 34 44 39 61 32 47 27 15 13 13 24 24 13 13 17 13 47 62 73 73 68 32 22 32 44 61 19 18 22 25 26 27 39 34 20 42 32 20 15 14 17 17 39 18 59 16 14 13 13 13 13 15 15 13 17 18 
6 30 0 43 29 29 7 12 16 16 22 22 36 57 64 43 29 16 16 22 43 57 64 22 43 29 16 20 13 16 8 28 8 10 22 16 43 64 54 36 61 54 67 51 18 8 11 8 26 8 13 12 28 31 39 54 54 35 37 24 37 13 28 39 39 33 64 17 8 11 26 49 47 53 56 13 12 8 8 20 9 8 20 28 40 46 46 8 22 25 44 40 37 33 37 33 42 42 35 46 22 
36 15 43 0 27 27 30 26 40 40 46 25 30 46 52 35 27 25 40 46 35 46 52 25 35 27 25 25 26 40 32 51 32 35 46 40 35 52 44 30 50 44 55 41 25 29 36 32 50 28 38 26 26 28 32 44 44 30 31 25 31 38 51 61 61 56 52 25 28 36 50 39 38 43 45 26 26 32 29 25 34 28 25 26 33 37 37 32 25 49 36 33 31 29 31 29 34 34 30 37 25 
22 14 29 27 0 15 40 31 54 54 61 21 11 21 27 11 15 27 54 61 11 21 27 21 11 15 27 23 30 54 43 67 43 47 61 54 11 27 18 11 24 18 30 16 24 38 49 43 65 36 51 31 16 14 11 18 18 12 11 19 11 51 67 78 78 72 27 26 36 49 65 14 13 17 19 30 31 43 38 23 46 36 23 16 11 12 12 43 21 64 12 11 11 12 11 12 11 11 12 12 21 
22 14 29 27 15 0 32 22 46 46 53 11 5 25 32 11 5 18 46 53 11 25 32 11 11 5 18 14 21 46 35 59 35 39 53 46 11 32 22 5 29 22 35 19 15 29 40 35 57 28 43 22 6 4 7 22 22 4 6 10 6 43 59 70 70 64 32 17 28 40 57 17 15 21 24 21 22 35 29 14 38 28 14 6 9 14 14 35 11 56 13 9 6 4 6 4 10 10 4 14 11 
9 36 7 30 40 32 0 24 41 41 47 21 25 41 47 30 22 22 41 47 30 41 47 21 30 22 22 21 23 41 32 53 32 35 47 41 30 47 39 25 45 39 50 36 22 28 36 32 51 27 39 24 22 23 27 39 39 25 26 21 26 39 53 63 63 58 47 22 27 36 51 34 33 38 40 23 24 32 28 21 34 27 21 22 28 32 32 32 21 50 31 28 26 24 26 24 29 29 25 32 21 
6 27 12 26 31 22 24 0 53 53 59 26 23 33 38 25 24 30 53 59 25 33 38 26 25 24 30 28 32 53 43 64 43 47 59 53 25 38 31 23 36 31 41 29 28 38 48 43 63 37 50 33 24 24 24 31 31 23 24 26 24 50 64 75 75 70 38 29 37 48 63 28 27 30 32 32 33 43 38 28 45 37 28 24 24 26 26 43 26 62 26 24 24 23 24 23 25 25 23 26 26 
22 50 16 40 54 46 41 53 0 5 11 32 46 67 74 53 39 25 5 11 53 67 74 32 53 39 25 29 22 5 9 17 9 5 11 5 53 74 64 46 72 64 77 62 28 14 4 9 15 15 4 21 38 40 49 64 64 45 48 33 48 4 17 28 28 22 74 26 15 4 15 59 57 63 66 22 21 9 14 29 6 15 29 38 50 56 56 9 32 14 55 50 48 43 48 43 52 52 45 56 32 
22 50 16 40 54 46 41 53 5 0 35 25 35 54 60 41 30 22 30 35 41 54 60 25 41 30 22 24 22 30 23 40 23 25 35 30 41 60 51 35 58 51 63 49 23 22 26 23 39 21 28 21 29 31 38 51 51 34 36 26 36 28 40 50 50 45 60 23 21 26 39 46 45 50 53 22 21 23 22 24 25 21 24 29 39 44 44 23 25 38 42 39 36 33 36 33 40 40 34 44 25 
29 57 22 46 61 53 47 59 11 35 0 34 40 56 62 45 36 32 40 45 45 56 62 34 45 36 32 33 32 40 35 49 35 36 45 40 45 62 54 40 59 54 64 51 32 33 37 35 48 32 39 32 36 37 42 54 54 39 41 34 41 39 49 58 58 54 62 32 32 37 48 49 48 52 55 32 32 35 33 33 36 32 33 36 43 47 47 35 34 47 46 43 41 39 41 39 44 44 39 47 34 
15 18 22 25 21 11 21 26 32 25 34 0 27 47 54 34 21 11 27 34 34 47 54 15 34 21 11 13 11 27 17 39 17 21 34 27 34 54 44 27 51 44 57 42 12 13 22 17 38 12 24 11 19 22 30 44 44 26 28 16 28 24 39 50 50 44 54 12 12 22 38 39 38 43 46 11 11 17 13 13 19 12 13 19 31 36 36 17 15 36 35 31 28 24 28 24 32 32 26 36 15 
29 13 36 30 11 5 25 23 46 35 40 27 0 25 32 11 5 18 46 53 11 25 32 11 11 5 18 14 21 46 35 59 35 39 53 46 11 32 22 5 29 22 35 19 15 29 40 35 57 28 43 22 6 4 7 22 22 4 6 10 6 43 59 70 70 64 32 17 28 40 57 17 15 21 24 21 22 35 29 14 38 28 14 6 9 14 14 35 11 56 13 9 6 4 6 4 10 10 4 14 11 
50 26 57 46 21 25 41 33 67 54 56 47 25 0 11 11 25 39 67 74 11 5 11 32 11 25 39 35 42 67 56 80 56 60 74 67 11 11 4 18 9 4 14 4 36 50 62 56 79 49 64 43 26 24 15 4 4 19 17 31 17 64 80 91 91 86 11 38 49 62 79 6 7 4 4 42 43 56 50 35 59 49 35 26 14 9 9 56 32 77 10 14 17 21 17 21 13 13 19 9 32 
57 32 64 52 27 32 47 38 74 60 62 54 32 11 0 18 25 36 63 69 18 21 25 30 18 25 36 33 39 63 52 75 52 56 69 63 18 25 19 21 23 19 27 18 34 47 57 52 74 45 60 40 26 24 19 19 19 21 20 29 20 60 75 86 86 80 25 35 45 57 74 18 18 19 20 39 40 52 47 33 55 45 33 26 19 18 18 52 30 72 18 19 20 22 20 22 18 18 21 18 30 
36 15 43 35 11 11 30 25 53 41 45 34 11 11 18 0 22 36 64 71 10 10 16 29 10 22 36 32 39 64 53 77 53 57 71 64 10 16 8 16 13 8 18 7 33 47 58 53 75 46 61 40 24 21 13 8 8 17 15 28 15 61 77 88 88 82 16 35 46 58 75 7 8 8 9 39 40 53 47 32 56 46 32 24 12 8 8 53 29 74 9 12 15 18 15 18 11 11 17 8 29 
22 14 29 27 15 5 22 24 39 30 36 21 5 25 25 22 0 36 63 69 18 21 25 30 18 25 36 33 39 63 52 75 52 56 69 63 18 25 19 21 23 19 27 18 34 47 57 52 74 45 60 40 26 24 19 19 19 21 20 29 20 60 75 86 86 80 25 35 45 57 74 18 18 19 20 39 40 52 47 33 55 45 33 26 19 18 18 52 30 72 18 19 20 22 20 22 18 18 21 18 30 
9 24 16 25 27 18 22 30 25 22 32 11 18 39 36 36 36 0 45 51 20 32 38 16 20 14 20 17 22 45 34 57 34 38 51 45 20 38 29 16 35 29 41 27 18 29 39 34 56 28 42 23 14 14 17 29 29 15 16 15 16 42 57 68 68 62 38 19 28 39 56 24 23 28 30 22 23 34 29 17 37 28 17 14 18 22 22 34 16 54 21 18 16 15 16 15 19 19 15 22 16 
22 50 16 40 54 46 41 53 5 30 40 27 46 67 63 64 63 45 0 50 40 50 56 32 40 34 32 32 32 45 38 55 38 40 50 45 40 56 48 36 54 48 58 46 32 35 41 38 54 35 43 33 33 34 38 48 48 36 37 32 37 43 55 64 64 59 56 32 35 41 54 44 43 47 49 32 33 38 35 32 39 35 32 33 39 42 42 38 32 52 41 39 37 35 37 35 39 39 36 42 32 
29 57 22 46 61 53 47 59 11 35 45 34 53 74 69 71 69 51 50 0 51 65 72 32 51 38 25 29 23 16 15 24 15 14 20 16 51 72 62 45 69 62 75 60 28 17 14 15 23 18 15 22 37 39 47 62 62 43 46 33 46 15 24 34 34 29 72 27 18 14 23 57 56 61 64 23 22 15 17 29 14 18 29 37 49 54 54 15 32 22 53 49 46 42 46 42 50 50 43 54 32 
36 15 43 35 11 11 30 25 53 41 45 34 11 11 18 10 18 20 40 51 0 36 43 18 25 18 21 19 22 43 33 55 33 36 49 43 25 43 34 21 40 34 45 32 19 28 38 33 53 27 40 23 18 18 22 34 34 20 21 18 21 40 55 65 65 60 43 20 27 38 53 29 28 33 35 22 23 33 28 19 35 27 19 18 23 27 27 33 18 52 26 23 21 19 21 19 24 24 20 27 18 
50 26 57 46 21 25 41 33 67 54 56 47 25 5 21 10 21 32 50 65 36 0 40 27 27 25 30 28 32 52 43 64 43 46 59 52 27 40 33 25 38 33 43 31 29 38 47 43 62 37 50 33 25 25 26 33 33 25 25 26 25 50 64 74 74 69 40 30 37 47 62 30 29 32 34 32 33 43 38 28 45 37 28 25 26 28 28 43 27 61 28 26 25 25 25 25 26 26 25 28 27 
57 32 64 52 27 32 47 38 74 60 62 54 32 11 25 16 25 38 56 72 43 40 0 36 38 35 38 37 39 55 47 66 47 50 61 55 38 50 44 36 48 44 52 42 37 44 51 47 64 43 53 40 35 35 37 44 44 36 36 36 36 53 66 75 75 70 50 38 43 51 64 41 40 43 44 39 40 47 44 37 49 43 37 35 37 39 39 47 36 63 39 37 36 36 36 36 38 38 36 39 36 
15 18 22 25 21 11 21 26 32 25 34 15 11 32 30 29 30 16 32 32 18 27 36 0 47 35 25 28 24 25 21 34 21 22 30 25 47 67 58 41 64 58 70 55 27 21 23 21 33 22 24 23 34 36 44 58 58 40 42 31 42 24 34 44 44 39 67 26 22 23 33 53 51 56 59 24 23 21 21 28 22 22 28 34 45 50 50 21 30 32 49 45 42 39 42 39 46 46 40 50 30 
36 15 43 35 11 11 30 25 53 41 45 34 11 11 18 10 18 20 40 51 25 27 38 47 0 36 32 33 32 40 35 49 35 36 45 40 45 62 54 40 59 54 64 51 32 33 37 35 48 32 39 32 36 37 42 54 54 39 41 34 41 39 49 58 58 54 62 32 32 37 48 49 48 52 55 32 32 35 33 33 36 32 33 36 43 47 47 35 34 47 46 43 41 39 41 39 44 44 39 47 34 
22 14 29 27 15 5 22 24 39 30 36 21 5 25 25 22 25 14 34 38 18 25 35 35 36 0 11 11 12 34 23 46 23 27 40 34 27 47 38 21 44 38 50 35 11 18 28 23 44 17 31 13 14 16 23 38 38 19 22 12 22 31 46 57 57 51 47 11 17 28 44 32 31 36 39 12 13 23 18 11 26 17 11 14 24 30 30 23 11 43 28 24 22 18 22 18 26 26 19 30 11 
9 24 16 25 27 18 22 30 25 22 32 11 18 39 36 36 36 20 32 25 21 30 38 25 32 11 0 4 7 32 21 45 21 25 39 32 25 46 36 18 43 36 49 33 4 15 26 21 43 14 29 9 10 13 21 36 36 17 19 6 19 29 45 56 56 50 46 4 14 26 43 31 29 35 38 7 9 21 15 4 24 14 4 10 22 28 28 21 5 42 26 22 19 15 19 15 24 24 17 28 5 
13 20 20 25 23 14 21 28 29 24 33 13 14 35 33 32 33 17 32 29 19 28 37 28 33 11 4 0 5 30 19 43 19 23 37 30 27 48 38 20 45 38 51 35 3 13 24 19 41 12 27 6 12 14 23 38 38 19 21 8 21 27 43 54 54 48 48 3 12 24 41 33 31 37 40 5 6 19 13 4 21 12 4 12 24 30 30 19 6 40 28 24 21 17 21 17 26 26 19 30 6 
7 26 13 26 30 21 23 32 22 22 32 11 21 42 39 39 39 22 32 23 22 32 39 24 32 12 7 5 0 18 16 27 16 16 23 18 49 70 60 43 67 60 72 57 26 17 16 16 26 18 17 21 35 37 45 60 60 41 44 31 44 17 27 37 37 32 70 25 18 16 26 55 53 59 61 22 21 16 17 27 16 18 27 35 47 52 52 16 30 25 51 47 44 40 44 40 48 48 41 52 30 
22 50 16 40 54 46 41 53 5 30 40 27 46 67 63 64 63 45 45 16 43 52 55 25 40 34 32 30 18 0 14 30 14 16 25 20 45 65 56 38 62 56 68 53 22 14 16 14 29 15 18 17 30 33 41 56 56 37 39 27 39 18 30 41 41 35 65 21 15 16 29 50 49 54 57 18 17 14 14 23 15 15 23 30 42 47 47 14 25 28 46 42 39 35 39 35 43 43 37 47 25 
11 39 8 32 43 35 32 43 9 23 35 17 35 56 52 53 52 34 38 15 33 43 47 21 35 23 21 19 16 14 0 42 21 24 36 30 34 54 44 28 51 44 56 42 16 17 25 21 40 17 28 15 21 23 30 44 44 26 29 18 29 28 42 52 52 47 54 15 17 25 40 39 38 43 46 15 15 21 17 16 23 17 16 21 31 36 36 21 17 39 35 31 29 25 29 25 33 33 26 36 17 
34 62 28 51 67 59 53 64 17 40 49 39 59 80 75 77 75 57 55 24 55 64 66 34 49 46 45 43 27 30 42 0 24 24 30 27 51 71 61 45 68 61 73 59 31 25 25 24 33 25 25 27 38 40 48 61 61 44 46 35 46 25 34 43 43 38 71 30 25 25 33 56 55 60 63 28 27 24 25 32 24 25 32 38 49 54 54 24 34 32 52 49 46 43 46 43 50 50 44 54 34 
11 39 8 32 43 35 32 43 9 23 35 17 35 56 52 53 52 34 38 15 33 43 47 21 35 23 21 19 16 14 21 24 0 4 18 11 46 67 57 39 64 57 70 54 21 6 5 1 22 8 8 13 30 33 42 57 57 37 40 26 40 8 23 35 35 29 67 19 8 5 22 52 50 56 59 15 13 1 6 22 2 8 22 30 43 49 49 1 25 21 47 43 40 36 40 36 45 45 37 49 25 
15 43 10 35 47 39 35 47 5 25 36 21 39 60 56 57 56 38 40 14 36 46 50 22 36 27 25 23 16 16 24 24 4 0 10 7 57 78 68 50 75 68 81 65 32 18 9 13 13 20 8 25 42 44 53 68 68 49 51 37 51 8 15 25 25 20 78 31 20 9 13 63 61 67 70 26 25 13 18 33 11 20 33 42 54 60 60 13 36 12 58 54 51 47 51 47 56 56 49 60 36 
29 57 22 46 61 53 47 59 11 35 45 34 53 74 69 71 69 51 50 20 49 59 61 30 45 40 39 37 23 25 36 30 18 10 0 6 62 83 74 55 81 74 86 71 37 23 11 17 6 24 9 30 47 50 58 74 74 54 57 42 57 9 7 18 18 13 83 35 24 11 6 68 66 72 75 31 30 17 23 38 14 24 38 47 59 65 65 17 41 4 64 59 57 52 57 52 61 61 54 65 41 
22 50 16 40 54 46 41 53 5 30 40 27 46 67 63 64 63 45 45 16 43 52 55 25 40 34 32 30 18 20 30 27 11 7 6 0 44 55 49 42 53 49 57 48 42 48 54 51 66 47 56 44 41 41 43 49 49 42 42 41 42 56 68 77 77 72 55 43 47 54 66 46 46 48 50 44 44 51 48 42 52 47 42 41 43 45 45 51 41 65 44 43 42 41 42 41 43 43 42 45 41 
36 15 43 35 11 11 30 25 53 41 45 34 11 11 18 10 18 20 40 51 25 27 38 47 45 27 25 27 49 45 34 51 46 57 62 44 0 21 11 7 18 11 24 8 25 40 51 45 68 38 54 33 16 13 4 11 11 8 6 20 6 54 69 81 81 75 21 27 38 51 68 6 4 10 13 31 33 45 40 24 48 38 24 16 3 3 3 45 21 66 1 3 6 10 6 10 1 1 8 3 21 
57 32 64 52 27 32 47 38 74 60 62 54 32 11 25 16 25 38 56 72 43 40 50 67 62 47 46 48 70 65 54 71 67 78 83 55 21 0 10 28 3 10 3 13 47 61 72 66 89 59 75 54 37 34 25 10 10 30 27 41 27 75 91 102 102 96 0 48 59 72 89 16 17 11 8 52 54 66 61 45 69 59 45 37 24 18 18 66 42 88 20 24 27 31 27 31 23 23 30 18 42 
47 24 54 44 18 22 39 31 64 51 54 44 22 4 19 8 19 29 48 62 34 33 44 58 54 38 36 38 60 56 44 61 57 68 74 49 11 10 0 37 53 48 58 46 34 38 44 41 57 37 46 35 35 35 39 48 48 37 38 34 38 46 58 67 67 62 55 34 37 44 57 44 43 47 49 35 35 41 38 34 42 37 34 35 39 42 42 41 34 55 42 39 38 36 38 36 40 40 37 42 34 
29 13 36 30 11 5 25 23 46 35 40 27 5 18 21 16 21 16 36 45 21 25 36 41 40 21 18 20 43 38 28 45 39 50 55 42 7 28 37 0 38 31 43 28 13 24 35 30 51 23 38 18 11 12 17 31 31 14 16 11 16 38 53 64 64 58 40 14 23 35 51 26 24 30 32 17 18 30 24 12 32 23 12 11 18 23 23 30 11 50 22 18 16 13 16 13 19 19 14 23 11 
54 30 61 50 24 29 45 36 72 58 59 51 29 9 23 13 23 35 54 69 40 38 48 64 59 44 43 45 67 62 51 68 64 75 81 53 18 3 53 38 0 30 39 29 31 41 51 46 66 40 53 36 26 26 25 30 30 25 25 28 25 53 68 78 78 73 37 32 40 51 66 28 27 30 31 35 36 46 41 30 49 40 30 26 25 26 26 46 29 65 26 25 25 25 25 25 25 25 25 26 29 
47 24 54 44 18 22 39 31 64 51 54 44 22 4 19 8 19 29 48 62 34 33 44 58 54 38 36 38 60 56 44 61 57 68 74 49 11 10 48 31 30 0 23 10 30 43 54 49 71 42 57 36 20 18 11 12 12 14 12 24 12 57 73 84 84 78 20 31 42 54 71 9 9 11 13 35 36 49 43 28 52 42 28 20 10 8 8 49 25 70 9 10 12 15 12 15 9 9 14 8 25 
60 35 67 55 30 35 50 41 77 63 64 57 35 14 27 18 27 41 58 75 45 43 52 70 64 50 49 51 72 68 56 73 70 81 86 57 24 3 58 43 39 23 0 14 38 51 62 57 79 50 65 45 29 27 20 14 14 23 21 33 21 65 80 92 92 86 18 39 50 62 79 15 15 14 14 43 45 57 51 37 60 50 37 29 19 16 16 57 34 78 16 19 21 24 21 24 18 18 23 16 34 
44 21 51 41 16 19 36 29 62 49 51 42 19 4 18 7 18 27 46 60 32 31 42 55 51 35 33 35 57 53 42 59 54 65 71 48 8 13 46 28 29 10 14 0 36 50 62 56 79 49 64 43 26 23 15 2 2 19 16 30 16 64 80 91 91 86 11 38 49 62 79 5 7 2 3 42 43 56 50 35 59 49 35 26 14 8 8 56 32 77 9 14 16 21 16 21 12 12 19 8 32 
11 21 18 25 24 15 22 28 28 23 32 12 15 36 34 33 34 18 32 28 19 29 37 27 32 11 4 3 26 22 16 31 21 32 37 42 25 47 34 13 31 30 38 36 0 43 53 48 69 42 56 37 26 25 23 27 27 23 23 28 23 56 70 81 81 76 33 33 42 53 69 24 24 26 27 36 37 48 43 31 51 42 31 26 23 23 23 48 29 68 23 23 23 24 23 24 23 23 23 23 29 
7 34 8 29 38 29 28 38 14 22 33 13 29 50 47 47 47 29 35 17 28 38 44 21 33 18 15 13 17 14 17 25 6 18 23 48 40 61 38 24 41 43 51 50 43 0 55 50 69 45 57 41 34 33 33 37 37 33 33 35 33 57 70 80 80 75 43 38 45 55 69 35 34 37 38 40 41 50 46 37 52 45 37 34 33 34 34 50 35 68 34 33 33 33 33 33 33 33 33 34 35 
17 44 11 36 49 40 36 48 4 26 37 22 40 62 57 58 57 39 41 14 38 47 51 23 37 28 26 24 16 16 25 25 5 9 11 54 51 72 44 35 51 54 62 62 53 55 0 44 61 40 50 37 34 34 36 44 44 35 36 34 36 50 62 72 72 67 51 35 40 48 61 41 40 43 45 37 37 44 41 35 46 40 35 34 37 39 39 44 34 60 39 37 36 35 36 35 37 37 35 39 34 
11 39 8 32 43 35 32 43 9 23 35 17 35 56 52 53 52 34 38 15 33 43 47 21 35 23 21 19 16 14 21 24 1 13 17 51 45 66 41 30 46 49 57 56 48 50 44 0 57 34 45 31 28 28 31 40 40 29 30 28 30 45 59 69 69 64 48 29 34 43 57 36 35 39 41 31 31 39 35 28 41 34 28 28 31 34 34 39 28 56 34 31 30 29 30 29 32 32 29 34 28 
33 61 26 50 65 57 51 63 15 39 48 38 57 79 74 75 74 56 54 23 53 62 64 33 48 44 43 41 26 29 40 33 22 13 6 66 68 89 57 51 66 71 79 79 69 69 61 57 0 46 53 45 45 45 48 56 56 47 48 44 48 53 63 72 72 67 63 44 46 51 62 53 52 55 57 44 45 49 47 44 50 46 44 45 49 51 51 49 44 61 51 49 48 46 48 46 49 49 47 51 44 
6 32 8 28 36 28 27 37 15 21 32 12 28 49 45 46 45 28 35 18 27 37 43 22 32 17 14 12 18 15 17 25 8 20 24 47 38 59 37 23 40 42 50 49 42 45 40 34 46 0 16 6 23 25 34 49 49 30 33 18 33 16 31 42 42 37 59 11 0 13 30 44 42 48 51 7 6 7 1 14 10 0 14 23 35 41 41 7 17 28 40 35 33 28 33 28 37 37 30 41 17 
19 47 13 38 51 43 39 50 4 28 39 24 43 64 60 61 60 42 43 15 40 50 53 24 39 31 29 27 17 18 28 25 8 8 9 56 54 75 46 38 53 57 65 64 56 57 50 45 53 16 0 16 32 35 44 59 59 39 42 28 42 9 23 34 34 28 69 21 11 7 21 53 52 58 60 17 16 7 10 24 6 11 24 32 45 51 51 7 27 20 49 45 42 38 42 38 46 46 39 51 27 
6 27 12 26 31 22 24 33 21 21 32 11 22 43 40 40 40 23 33 22 23 33 40 23 32 13 9 6 21 17 15 27 13 25 30 44 33 54 35 18 36 36 45 43 37 41 37 31 45 6 16 0 13 14 20 34 34 17 19 11 19 34 49 60 60 55 44 13 20 32 48 29 28 33 36 15 16 27 22 12 29 20 12 13 22 27 27 27 11 47 25 22 19 16 19 16 23 23 17 27 11 
21 15 28 26 16 6 22 24 38 29 36 19 6 26 26 24 26 14 33 37 18 25 35 34 36 14 10 12 35 30 21 38 30 42 47 41 16 37 35 11 26 20 29 26 26 34 34 28 45 23 32 13 0 8 16 31 31 12 15 4 15 34 50 61 61 55 41 8 19 31 48 26 24 30 33 12 13 26 20 6 29 19 6 6 17 23 23 26 4 47 22 17 15 11 15 11 19 19 12 23 4 
23 13 31 28 14 4 23 24 40 31 37 22 4 24 24 21 24 14 34 39 18 25 35 36 37 16 13 14 37 33 23 40 33 44 50 41 13 34 35 12 26 18 27 23 25 33 34 28 45 25 35 14 8 0 35 48 48 31 33 24 33 29 42 52 52 47 57 21 21 27 41 43 42 47 49 20 20 24 21 22 25 21 22 26 36 41 41 24 23 39 39 36 33 30 33 30 37 37 31 41 23 
32 13 39 32 11 7 27 24 49 38 42 30 7 15 19 13 19 17 38 47 22 26 37 44 42 23 21 23 45 41 30 48 42 53 58 43 4 25 39 17 25 11 20 15 23 33 36 31 48 34 44 20 16 35 0 52 52 37 39 31 39 35 46 56 56 51 61 29 29 34 45 48 46 51 53 28 28 31 29 30 32 29 30 33 41 45 45 31 30 44 44 41 39 36 39 36 42 42 37 45 30 
47 24 54 44 18 22 39 31 64 51 54 44 22 4 19 8 19 29 48 62 34 33 44 58 54 38 36 38 60 56 44 61 57 68 74 49 11 10 48 31 30 12 14 2 27 37 44 40 56 49 59 34 31 48 52 0 41 30 31 29 31 46 59 69 69 64 49 30 36 44 58 37 36 40 42 32 33 40 36 30 42 36 30 29 33 36 36 40 29 57 35 33 31 30 31 30 33 33 30 36 29 
47 24 54 44 18 22 39 31 64 51 54 44 22 4 19 8 19 29 48 62 34 33 44 58 54 38 36 38 60 56 44 61 57 68 74 49 11 10 48 31 30 12 14 2 27 37 44 40 56 49 59 34 31 48 52 41 0 15 14 22 14 53 68 79 79 73 28 28 38 50 67 16 16 19 21 32 33 45 39 25 47 38 25 19 14 15 15 45 23 65 15 14 14 16 14 16 14 14 15 15 23 
27 13 35 30 12 4 25 23 45 34 39 26 4 19 21 17 21 15 36 43 20 25 36 40 39 19 17 19 41 37 26 44 37 49 54 42 8 30 37 14 25 14 23 19 23 33 35 29 47 30 39 17 12 31 37 30 15 0 12 8 12 39 54 65 65 60 37 13 24 36 53 22 21 26 29 17 18 31 25 11 33 24 11 7 15 20 20 31 9 51 18 15 12 9 12 9 16 16 10 20 9 
30 13 37 31 11 6 26 24 48 36 41 28 6 17 20 15 20 16 37 46 21 25 36 42 41 22 19 21 44 39 29 46 40 51 57 42 6 27 38 16 25 12 21 16 23 33 36 30 48 33 42 19 15 33 39 31 14 12 0 16 3 50 66 77 77 71 25 23 35 47 64 9 8 14 16 28 29 42 36 21 45 35 21 12 2 7 7 42 18 63 5 2 3 7 3 7 3 3 5 7 18 
17 17 24 25 19 10 21 26 33 26 34 16 10 31 29 28 29 15 32 33 18 26 36 31 34 12 6 8 31 27 18 35 26 37 42 41 20 41 34 11 28 24 33 30 28 35 34 28 44 18 28 11 4 24 31 29 22 8 16 0 12 48 63 74 74 68 31 23 33 45 61 18 17 21 24 26 28 39 34 20 42 33 20 14 13 16 16 39 18 60 15 13 12 12 12 12 14 14 12 16 18 
30 13 37 31 11 6 26 24 48 36 41 28 6 17 20 15 20 16 37 46 21 25 36 42 41 22 19 21 44 39 29 46 40 51 57 42 6 27 38 16 25 12 21 16 23 33 36 30 48 33 42 19 15 33 39 31 14 12 3 12 0 57 73 84 84 78 20 31 42 54 71 9 9 11 13 35 36 49 43 28 52 42 28 20 10 8 8 49 25 70 9 10 12 15 12 15 9 9 14 8 25 
19 47 13 38 51 43 39 50 4 28 39 24 43 64 60 61 60 42 43 15 40 50 53 24 39 31 29 27 17 18 28 25 8 8 9 56 54 75 46 38 53 57 65 64 56 57 50 45 53 16 9 34 34 29 35 46 53 39 50 48 57 0 46 56 56 51 56 24 25 32 45 43 42 46 49 24 24 29 26 25 30 25 25 28 36 40 40 29 25 44 39 36 34 31 34 31 37 37 32 40 25 
34 62 28 51 67 59 53 64 17 40 49 39 59 80 75 77 75 57 55 24 55 64 66 34 49 46 45 43 27 30 42 34 23 15 7 68 69 91 58 53 68 73 80 80 70 70 62 59 63 31 23 49 50 42 46 59 68 54 66 63 73 46 0 51 51 46 68 32 30 32 41 54 53 58 60 31 31 30 30 34 31 30 34 38 47 52 52 30 35 40 51 47 45 42 45 42 48 48 43 52 35 
46 73 39 61 78 70 63 75 28 50 58 50 70 91 86 88 86 68 64 34 65 74 75 44 58 57 56 54 37 41 52 43 35 25 18 77 81 102 67 64 78 84 92 91 81 80 72 69 72 42 34 60 61 52 56 69 79 65 77 74 84 56 51 0 62 58 73 45 44 46 54 61 60 64 66 44 44 45 44 46 45 44 46 49 55 59 59 45 47 53 58 55 54 51 54 51 56 56 52 59 47 
46 73 39 61 78 70 63 75 28 50 58 50 70 91 86 88 86 68 64 34 65 74 75 44 58 57 56 54 37 41 52 43 35 25 18 77 81 102 67 64 78 84 92 91 81 80 72 69 72 42 34 60 61 52 56 69 79 65 77 74 84 56 51 62 0 12 92 44 34 22 11 76 75 81 83 40 39 27 32 47 24 34 47 55 68 74 74 27 50 11 72 68 65 61 65 61 69 69 62 74 50 
40 68 33 56 72 64 58 70 22 45 54 44 64 86 80 82 80 62 59 29 60 69 70 39 54 51 50 48 32 35 47 38 29 20 13 72 75 96 62 58 73 78 86 86 76 75 67 64 67 37 28 55 55 47 51 64 73 60 71 68 78 51 46 58 12 0 81 35 26 18 20 66 64 70 73 32 31 21 25 38 20 26 38 46 58 63 63 21 40 19 62 58 55 51 55 51 59 59 52 63 40 
57 32 64 52 27 32 47 38 74 60 62 54 32 11 25 16 25 38 56 72 43 40 50 67 62 47 46 48 70 65 54 71 67 78 83 55 21 0 55 40 37 20 18 11 33 43 51 48 63 59 69 44 41 57 61 49 28 37 25 31 20 56 68 73 92 81 0 44 47 52 63 52 51 55 56 45 45 49 47 44 51 47 44 44 48 51 51 49 44 62 50 48 47 46 47 46 49 49 46 51 44 
10 22 17 25 26 17 22 29 26 23 32 12 17 38 35 35 35 19 32 27 20 30 38 26 32 11 4 3 25 21 15 30 19 31 35 43 27 48 34 14 32 31 39 38 33 38 35 29 44 11 21 13 8 21 29 30 28 13 23 23 31 24 32 45 44 35 44 0 12 17 31 46 45 50 53 14 14 14 12 19 15 12 19 26 38 43 43 14 21 30 42 38 35 31 35 31 39 39 33 43 21 
6 32 8 28 36 28 27 37 15 21 32 12 28 49 45 46 45 28 35 18 27 37 43 22 32 17 14 12 18 15 17 25 8 20 24 47 38 59 37 23 40 42 50 49 42 45 40 34 46 0 11 20 19 21 29 36 38 24 35 33 42 25 30 44 34 26 47 12 0 21 37 37 36 42 44 7 7 16 11 10 18 10 10 17 29 35 35 16 12 36 33 29 26 22 26 22 31 31 24 35 12 
17 44 11 36 49 40 36 48 4 26 37 22 40 62 57 58 57 39 41 14 38 47 51 23 37 28 26 24 16 16 25 25 5 9 11 54 51 72 44 35 51 54 62 62 53 55 48 43 51 13 7 32 31 27 34 44 50 36 47 45 54 32 32 46 22 18 52 17 21 0 33 45 44 49 52 15 14 16 14 19 17 13 19 26 37 42 42 16 21 32 41 37 35 31 35 31 38 38 32 42 21 
33 61 26 50 65 57 51 63 15 39 48 38 57 79 74 75 74 56 54 23 53 62 64 33 48 44 43 41 26 29 40 33 22 13 6 66 68 89 57 51 66 71 79 79 69 69 61 57 62 30 21 48 48 41 45 58 67 53 64 61 71 45 41 54 11 20 63 31 37 33 0 66 65 70 73 30 29 17 22 37 14 23 37 45 58 63 63 17 40 10 62 58 55 51 55 51 59 59 52 63 40 
41 19 49 39 14 17 34 28 59 46 49 39 17 6 18 7 18 24 44 57 29 30 41 53 49 32 31 33 55 50 39 56 52 63 68 46 6 16 44 26 28 9 15 5 24 35 41 36 53 44 53 29 26 43 48 37 16 22 9 18 9 43 54 61 76 66 52 46 37 45 66 0 30 34 36 26 27 36 32 23 39 31 23 22 26 29 29 36 22 55 28 26 24 23 24 23 26 26 23 29 22 
40 18 47 38 13 15 33 27 57 45 48 38 15 7 18 8 18 23 43 56 28 29 40 51 48 31 29 31 53 49 38 55 50 61 66 46 4 17 43 24 27 9 15 7 24 34 40 35 52 42 52 28 24 42 46 36 16 21 8 17 9 42 53 60 75 64 51 45 36 44 65 30 0 31 34 25 26 36 31 21 38 30 21 19 23 26 26 36 20 55 25 23 21 20 21 20 23 23 20 26 20 
46 22 53 43 17 21 38 30 63 50 52 43 21 4 19 8 19 28 47 61 33 32 43 56 52 36 35 37 59 54 43 60 56 67 72 48 10 11 47 30 30 11 14 2 26 37 43 39 55 48 58 33 30 47 51 40 19 26 14 21 11 46 58 64 81 70 55 50 42 49 70 34 31 0 35 29 30 39 35 26 42 34 26 23 26 28 28 39 25 58 28 26 25 24 25 24 26 26 24 28 25 
48 25 56 45 19 24 40 32 66 53 55 46 24 4 20 9 20 30 49 64 35 34 44 59 55 39 38 40 61 57 46 63 59 70 75 50 13 8 49 32 31 13 14 3 27 38 45 41 57 51 60 36 33 49 53 42 21 29 16 24 13 49 60 66 83 73 56 53 44 52 73 36 34 35 0 32 33 41 37 29 43 36 29 27 29 32 32 41 28 59 31 29 28 27 28 27 30 30 27 32 28 
7 26 13 26 30 21 23 32 22 22 32 11 21 42 39 39 39 22 32 23 22 32 39 24 32 12 7 5 22 18 15 28 15 26 31 44 31 52 35 17 35 35 43 42 36 40 37 31 44 7 17 15 12 20 28 32 32 17 28 26 35 24 31 44 40 32 45 14 7 15 30 26 25 29 32 0 6 10 6 13 13 5 13 21 34 39 39 10 16 31 38 34 31 27 31 27 35 35 28 39 16 
6 27 12 26 31 22 24 33 21 21 32 11 22 43 40 40 40 23 33 22 23 33 40 23 32 13 9 6 21 17 15 27 13 25 30 44 33 54 35 18 36 36 45 43 37 41 37 31 45 6 16 16 13 20 28 33 33 18 29 28 36 24 31 44 39 31 45 14 7 14 29 27 26 30 33 6 0 9 7 17 11 7 17 25 37 43 43 9 20 28 42 37 35 31 35 31 39 39 32 43 20 
11 39 8 32 43 35 32 43 9 23 35 17 35 56 52 53 52 34 38 15 33 43 47 21 35 23 21 19 16 14 21 24 1 13 17 51 45 66 41 30 46 49 57 56 48 50 44 39 49 7 7 27 26 24 31 40 45 31 42 39 49 29 30 45 27 21 49 14 16 16 17 36 36 39 41 10 9 0 14 28 7 15 28 37 49 55 55 9 31 16 53 49 46 42 46 42 51 51 44 55 31 
7 34 8 29 38 29 28 38 14 22 33 13 29 50 47 47 47 29 35 17 28 38 44 21 33 18 15 13 17 14 17 25 6 18 23 48 40 61 38 24 41 43 51 50 43 46 41 35 47 1 10 22 20 21 29 36 39 25 36 34 43 26 30 44 32 25 47 12 11 14 22 32 31 35 37 6 7 14 0 23 7 10 23 31 44 49 49 6 26 21 48 44 41 37 41 37 45 45 38 49 26 
13 20 20 25 23 14 21 28 29 24 33 13 14 35 33 32 33 17 32 29 19 28 37 28 33 11 4 4 27 23 16 32 22 33 38 42 24 45 34 12 30 28 37 35 31 37 35 28 44 14 24 12 6 22 30 30 25 11 21 20 28 25 34 46 47 38 44 19 10 19 37 23 21 26 29 13 17 28 23 0 17 13 19 26 37 42 42 16 21 32 41 37 35 31 35 31 38 38 32 42 21 
14 42 9 34 46 38 34 45 6 25 36 19 38 59 55 56 55 37 39 14 35 45 49 22 36 26 24 21 16 15 23 24 2 11 14 52 48 69 42 32 49 52 60 59 51 52 46 41 50 10 6 29 29 25 32 42 47 33 45 42 52 30 31 45 24 20 51 15 18 17 14 39 38 42 43 13 11 7 7 17 0 11 25 33 46 52 52 4 28 18 50 46 43 39 43 39 47 47 40 52 28 
6 32 8 28 36 28 27 37 15 21 32 12 28 49 45 46 45 28 35 18 27 37 43 22 32 17 14 12 18 15 17 25 8 20 24 47 38 59 37 23 40 42 50 49 42 45 40 34 46 0 11 20 19 21 29 36 38 24 35 33 42 25 30 44 34 26 47 12 10 13 23 31 30 34 36 5 7 15 10 13 11 0 24 23 26 29 29 37 23 56 28 26 25 23 25 23 27 27 24 29 23 
13 20 20 25 23 14 21 28 29 24 33 13 14 35 33 32 33 17 32 29 19 28 37 28 33 11 4 4 27 23 16 32 22 33 38 42 24 45 34 12 30 28 37 35 31 37 35 28 44 14 24 12 6 22 30 30 25 11 21 20 28 25 34 46 47 38 44 19 10 19 37 23 21 26 29 13 17 28 23 19 25 24 0 18 17 19 19 41 21 61 19 17 16 16 16 16 17 17 16 19 21 
21 15 28 26 16 6 22 24 38 29 36 19 6 26 26 24 26 14 33 37 18 25 35 34 36 14 10 12 35 30 21 38 30 42 47 41 16 37 35 11 26 20 29 26 26 34 34 28 45 23 32 13 6 26 33 29 19 7 12 14 20 28 38 49 55 46 44 26 17 26 45 22 19 23 27 21 25 37 31 26 33 23 18 0 14 15 15 46 24 67 14 14 15 16 15 16 14 14 16 15 24 
33 14 40 33 11 9 28 24 50 39 43 31 9 14 19 12 19 18 39 49 23 26 37 45 43 24 22 24 47 42 31 49 43 54 59 43 3 24 39 18 25 10 19 14 23 33 37 31 49 35 45 22 17 36 41 33 14 15 2 13 10 36 47 55 68 58 48 38 29 37 58 26 23 26 29 34 37 49 44 37 46 26 17 14 0 4 4 47 23 68 4 6 8 12 8 12 5 5 11 4 23 
39 17 46 37 12 14 32 26 56 44 47 36 14 9 18 8 18 22 42 54 27 28 39 50 47 30 28 30 52 47 36 54 49 60 65 45 3 18 42 23 26 8 16 8 23 34 39 34 51 41 51 27 23 41 45 36 15 20 7 16 8 40 52 59 74 63 51 43 35 42 63 29 26 28 32 39 43 55 49 42 52 29 19 15 4 0 14 59 35 80 15 18 21 25 21 25 17 17 23 14 35 
39 17 46 37 12 14 32 26 56 44 47 36 14 9 18 8 18 22 42 54 27 28 39 50 47 30 28 30 52 47 36 54 49 60 65 45 3 18 42 23 26 8 16 8 23 34 39 34 51 41 51 27 23 41 45 36 15 20 7 16 8 40 52 59 74 63 51 43 35 42 63 29 26 28 32 39 43 55 49 42 52 29 19 15 4 14 0 42 18 63 9 7 7 9 7 9 8 8 8 10 18 
11 39 8 32 43 35 32 43 9 23 35 17 35 56 52 53 52 34 38 15 33 43 47 21 35 23 21 19 16 14 21 24 1 13 17 51 45 66 41 30 46 49 57 56 48 50 44 39 49 7 7 27 26 24 31 40 45 31 42 39 49 29 30 45 27 21 49 14 16 16 17 36 36 39 41 10 9 9 6 16 4 37 41 46 47 59 42 0 19 44 34 30 28 25 28 25 31 31 26 35 19 
15 18 22 25 21 11 21 26 32 25 34 15 11 32 30 29 30 16 32 32 18 27 36 30 34 11 5 6 30 25 17 34 25 36 41 41 21 42 34 11 29 25 34 32 29 35 34 28 44 17 27 11 4 23 30 29 23 9 18 18 25 25 35 47 50 40 44 21 12 21 40 22 20 25 28 16 20 31 26 21 28 23 21 24 23 35 18 19 0 52 17 14 11 8 11 8 15 15 9 19 9 
32 59 25 49 64 56 50 62 14 38 47 36 56 77 72 74 72 54 52 22 52 61 63 32 47 43 42 40 25 28 39 32 21 12 4 65 66 88 55 50 65 70 78 77 68 68 60 56 61 28 20 47 47 39 44 57 65 51 63 60 70 44 40 53 11 19 62 30 36 32 10 55 55 58 59 31 28 16 21 32 18 56 61 67 68 80 63 44 52 0 49 46 44 40 44 40 47 47 41 51 32 
37 16 44 36 12 13 31 26 55 42 46 35 13 10 18 9 18 21 41 53 26 28 39 49 46 28 26 28 51 46 35 52 47 58 64 44 1 20 42 22 26 9 16 9 23 34 39 34 51 40 49 25 22 39 44 35 15 18 5 15 9 39 51 58 72 62 50 42 33 41 62 28 25 28 31 38 42 53 48 41 50 28 19 14 4 15 9 34 17 49 0 8 10 14 10 14 6 6 13 3 26 
33 14 40 33 11 9 28 24 50 39 43 31 9 14 19 12 19 18 39 49 23 26 37 45 43 24 22 24 47 42 31 49 43 54 59 43 3 24 39 18 25 10 19 14 23 33 37 31 49 35 45 22 17 36 41 33 14 15 2 13 10 36 47 55 68 58 48 38 29 37 58 26 23 26 29 34 37 49 44 37 46 26 17 14 6 18 7 30 14 46 8 0 3 7 3 7 1 1 6 6 18 
30 13 37 31 11 6 26 24 48 36 41 28 6 17 20 15 20 16 37 46 21 25 36 42 41 22 19 21 44 39 29 46 40 51 57 42 6 27 38 16 25 12 21 16 23 33 36 30 48 33 42 19 15 33 39 31 14 12 3 12 12 34 45 54 65 55 47 35 26 35 55 24 21 25 28 31 35 46 41 35 43 25 16 15 8 21 7 28 11 44 10 3 0 9 6 9 4 4 8 6 20 
26 13 33 29 12 4 24 23 43 33 39 24 4 21 22 18 22 15 35 42 19 25 36 39 39 18 15 17 40 35 25 43 36 47 52 41 10 31 36 13 25 15 24 21 24 33 35 29 46 28 38 16 11 30 36 30 16 9 7 12 15 31 42 51 61 51 46 31 22 31 51 23 20 24 27 27 31 42 37 31 39 23 16 16 12 25 9 25 8 40 14 7 9 0 4 1 8 8 1 12 12 
30 13 37 31 11 6 26 24 48 36 41 28 6 17 20 15 20 16 37 46 21 25 36 42 41 22 19 21 44 39 29 46 40 51 57 42 6 27 38 16 25 12 21 16 23 33 36 30 48 33 42 19 15 33 39 31 14 12 3 12 12 34 45 54 65 55 47 35 26 35 55 24 21 25 28 31 35 46 41 35 43 25 16 15 8 21 7 28 11 44 10 3 6 4 0 4 5 5 2 9 15 
26 13 33 29 12 4 24 23 43 33 39 24 4 21 22 18 22 15 35 42 19 25 36 39 39 18 15 17 40 35 25 43 36 47 52 41 10 31 36 13 25 15 24 21 24 33 35 29 46 28 38 16 11 30 36 30 16 9 7 12 15 31 42 51 61 51 46 31 22 31 51 23 20 24 27 27 31 42 37 31 39 23 16 16 12 25 9 25 8 40 14 7 9 1 4 0 6 6 4 10 15 
34 15 42 34 11 10 29 25 52 40 44 32 10 13 18 11 18 19 39 50 24 26 38 46 44 26 24 26 48 43 33 50 45 56 61 43 1 23 40 19 25 9 18 12 23 33 37 32 49 37 46 23 19 37 42 33 14 16 3 14 9 37 48 56 69 59 49 39 31 38 59 26 23 26 30 35 39 51 45 38 47 27 17 14 5 17 8 31 15 47 6 1 4 8 5 6 0 4 5 8 17 
34 15 42 34 11 10 29 25 52 40 44 32 10 13 18 11 18 19 39 50 24 26 38 46 44 26 24 26 48 43 33 50 45 56 61 43 1 23 40 19 25 9 18 12 23 33 37 32 49 37 46 23 19 37 42 33 14 16 3 14 9 37 48 56 69 59 49 39 31 38 59 26 23 26 30 35 39 51 45 38 47 27 17 14 5 17 8 31 15 47 6 1 4 8 5 6 4 0 9 3 21 
27 13 35 30 12 4 25 23 45 34 39 26 4 19 21 17 21 15 36 43 20 25 36 40 39 19 17 19 41 37 26 44 37 49 54 42 8 30 37 14 25 14 23 19 23 33 35 29 47 30 39 17 12 31 37 30 15 10 5 12 14 32 43 52 62 52 46 33 24 32 52 23 20 24 27 28 32 44 38 32 40 24 16 16 11 23 8 26 9 41 13 6 8 1 2 4 5 9 0 8 17 
39 17 46 37 12 14 32 26 56 44 47 36 14 9 18 8 18 22 42 54 27 28 39 50 47 30 28 30 52 47 36 54 49 60 65 45 3 18 42 23 26 8 16 8 23 34 39 34 51 41 51 27 23 41 45 36 15 20 7 16 8 40 52 59 74 63 51 43 35 42 63 29 26 28 32 39 43 55 49 42 52 29 19 15 4 14 10 35 19 51 3 6 6 12 9 10 8 3 8 0 24 
15 18 22 25 21 11 21 26 32 25 34 15 11 32 30 29 30 16 32 32 18 27 36 30 34 11 5 6 30 25 17 34 25 36 41 41 21 42 34 11 29 25 34 32 29 35 34 28 44 17 27 11 4 23 30 29 23 9 18 18 25 25 35 47 50 40 44 21 12 21 40 22 20 25 28 16 20 31 26 21 28 23 21 24 23 35 18 19 9 32 26 18 20 12 15 15 17 21 17 24 0 
2157 1720 1811 2157 2059 2003 2156 1392 1434 1999 1422 2035 1639 1602 1607 1673 1440 1644 1989 1422 1746 1737 1951 2103 1424 1788 1798 1980 1521 2007 1385 1497 1954 1649 1607 2132 1730 1978 1767 1647 1655 2074 2104 1753 1634 2067 2203 2028 1554 1852 1793 1903 1597 1688 1481 1941 1738 2195 2076 1636 2104 2112 1454 1605 1557 1630 1663 1408 1515 1711 2191 1877 2038 1561 1820 1533 1581 1713 1918 1727 2125 1929 1809 1908 1544 2033 2050 2053 1825 1554 1853 1414 1759 1880 1480 1427 2065 1970 1544 1953 
1931 1506 2052 2106 1437 2111 1991 1589 1948 1916 1802 2132 1448 2024 1583 2197 2204 1965 1609 1607 1755 1638 1607 1880 2117 1396 1940 1466 2178 1740 1420 1891 2032 1386 1515 1487 1535 1419 1959 2109 2017 2193 1976 1763 2134 1865 1495 1943 1768 2143 1779 1926 1824 2098 1490 1748 1626 2160 1400 1500 1484 2029 1608 2047 1538 1824 2000 1808 1462 2166 1702 2180 1915 1974 2062 2076 2107 1774 1519 2037 1396 1753 1422 1999 1784 1550 1767 1414 1929 1775 1972 2008 1512 1712 1938 1714 1699 1935 2138 1403 
2066 2010 1703 1543 1605 2098 1767 1894 2128 1634 1884 1584 1686 1610 2179 1595 1538 1815 1488 2182 2004 2101 1410 2028 1846 1467 1497 1697 1885 2152 1776 2045 1525 1707 1422 1595 1498 1839 1808 1817 2200 1901 1985 1508 1735 1651 1655 1618 1552 1862 1638 1734 1644 1440 2183 1939 1855 2084 2054 1739 1869 1469 1548 1650 1584 1563 1565 1935 1927 1841 1381 1535 1624 1471 2014 1399 2138 1754 2012 1938 2101 1504 2107 1766 2004 2136 1766 1991 1788 2125 1828 1753 2164 1602 1398 1873 2177 2148 1480 1898 
1400 1733 2039 2153 1778 1398 1621 2001 2182 1410 1596 1723 1569 1612 1819 2036 1908 1561 1596 1625 2006 2074 1967 1697 1470 1460 1708 2044 1667 1494 2178 2033 2000 1966 1860 1750 1495 1536 1882 1662 1700 1991 1456 1807 1854 1884 1647 1837 1649 1477 1887 1527 1939 1566 1710 1989 1579 1402 1712 1972 1956 2018 2057 1870 1477 1731 2140 1837 1889 1779 1498 1867 2155 1636 1914 1644 1687 1557 1723 1554 1492 1496 1481 1868 1926 1916 2096 1446 1944 1800 1614 1467 1952 1780 1938 1979 2073 2097 1446 1982 
1837 1706 2108 1861 1653 1449 2017 1813 1588 1689 1788 2062 1609 2000 1775 1820 2190 1810 1738 1433 1540 2202 2152 1811 1450 1407 1969 1461 1850 1389 1613 1543 1914 1943 2024 1927 2043 1790 1838 1905 1557 1695 1451 2157 1766 1419 1404 1771 1719 1539 1751 1398 1528 2072 2204 1522 1461 1829 1522 1836 2208 1849 1630 1625 1473 1435 1538 1742 1583 1999 1700 1526 2139 1837 2135 2099 1639 2045 1729 1873 1697 2136 1382 2005 1996 2126 1946 2030 1811 1530 1569 1884 2113 1814 1990 1862 2166 2029 2037 2000 
1535 1821 2038 2128 1773 2159 1893 2010 1939 2199 1911 1978 1554 1936 1471 1636 1469 1853 2200 2033 2056 1859 1436 1717 2010 1458 2067 1408 2051 1467 2050 1568 1968 2005 1810 1460 1382 1532 2159 1841 1441 1748 1388 1427 1587 1528 1525 1664 1742 2095 1741 1836 1886 1449 1396 1710 1532 1738 1743 1751 1670 1692 1966 1973 1969 1628 1791 1917 1564 2201 1857 1681 1542 1408 2206 2121 2145 1994 1546 2167 2188 1600 1476 2183 2009 1938 1911 1522 1390 1812 1706 2178 1548 1439 1946 1512 1580 1477 1670 2192 
1894 2001 1864 2060 1907 1956 1382 1423 1547 2177 1575 1506 1703 1729 1759 1728 2156 1398 2020 1427 1604 1471 1664 1482 1758 1896 1597 2006 1420 1608 1448 2197 2019 2087 1431 2182 2057 1718 2137 1894 1896 1873 1401 1969 1947 1605 1507 1546 1540 1972 1605 1386 1646 1686 1550 1408 1728 2031 2061 1399 1820 1956 2074 1794 1723 1994 1390 1983 1961 1958 2086 1478 1934 1825 1592 1838 2004 1914 1685 1771 1983 1526 1736 2085 1974 1741 2164 2032 1639 1400 2076 1735 1730 2023 2118 1867 1405 2200 1473 1947 
2094 1880 2127 2118 1617 1985 1435 1935 1575 1442 1575 1941 1449 1867 1435 1915 1716 1829 1681 1585 1751 1949 1985 2198 1848 1600 1964 1706 1700 1711 1700 1562 2036 2093 1577 1969 1581 2021 1631 1940 2147 1948 2068 2184 1701 2057 1566 1902 1527 1512 1972 1924 2121 2014 1893 1846 1408 1736 1482 1979 2205 1852 2062 1946 1845 1559 1988 2009 1651 1984 2193 1834 1439 1838 1691 1831 1944 1739 2156 1585 1902 1840 1846 1402 2025 2040 1866 2108 2106 2156 1855 1444 1947 1988 2045 1792 2197 1546 2090 1429 
2207 2078 1434 1992 1732 2143 2067 1812 1614 2142 2049 2188 2129 1547 1686 1480 1478 1659 1812 1843 1768 1631 1676 2064 1737 1414 1564 1639 1398 1689 1672 2064 2049 2035 1537 2018 2113 1814 1550 1414 1722 1783 1711 2091 1930 2037 1806 1538 1962 1527 1796 2193 1583 1689 1518 2007 1722 1975 1878 1626 1430 1859 1980 2085 1859 1906 1569 1408 2042 2064 2054 1756 1941 1628 2114 1997 2042 1424 1720 1606 2001 1536 1407 1961 1789 1991 1790 1617 2060 1942 2176 1619 1968 1439 2014 1439 1760 2209 1588 1755 
1984 1441 1461 1900 1992 1942 1864 1731 1980 1620 1469 1793 2149 2016 1742 2097 1945 1485 1817 2123 1760 1401 1745 2067 1993 1614 1836 2127 1708 1685 1577 1634 2144 1949 1944 1850 2111 1907 1419 1593 2114 1652 1983 1748 1928 1541 1874 2135 1906 2049 1898 1610 1584 1798 1979 2024 1616 1800 1902 1580 2077 1945 1587 1766 1881 1962 1716 2014 1506 1428 1419 1490 2048 2079 1778 2113 1592 1555 1642 1537 1451 1594 1764 1430 1871 2082 1396 1942 2049 1519 2140 1925 1634 1812 1389 2069 1795 1530 2018 1578 
1999 1545 2193 2089 2155 1698 1803 1933 1620 1726 2191 2166 2003 1785 1389 1531 1591 2158 1479 1769 2199 1559 1825 1666 1832 2126 1382 1657 1422 1535 2032 1650 1714 2025 2125 1709 1838 2112 1914 1877 1398 1630 2007 1583 1996 1564 1489 1413 1896 1539 1787 1820 1608 2007 1772 1498 1916 1634 1383 2013 1396 1448 1444 1953 2000 1837 1658 2090 1727 1762 1501 1500 1844 1589 2123 1913 1833 2019 1697 1449 1705 1785 1540 2142 2063 1623 1650 1648 1747 1454 1924 2093 1792 1423 1991 1469 1776 1852 1772 1758 
1790 1607 1954 2181 1465 1948 1503 1917 1401 1411 2189 1646 1510 2203 1759 1845 1681 1386 2127 1582 1727 2049 2200 1513 1646 1785 1931 1736 2188 2085 1477 2008 1544 1830 2099 1896 1503 1517 1806 1385 1669 2031 1776 1467 1770 2089 2009 2132 1450 1638 1653 1426 1903 1605 1981 2162 1585 1669 2055 1587 1816 1514 1827 1872 1581 1576 1470 1642 1813 2076 1823 1596 2023 1862 1495 1686 1613 2081 1693 1898 1565 1396 1682 1548 1403 1502 1403 2173 1636 1774 1908 1681 1664 1397 2163 1511 1590 1680 1792 1670 
2171 1594 1526 1666 1706 1397 1454 1607 1651 1517 1658 1916 1934 2096 2008 2081 1545 1550 1730 1462 1686 1964 1654 1958 1732 1525 1984 1655 1654 1802 2159 1884 2108 1604 2028 1851 1983 1577 2178 1888 1908 1848 2095 1713 1959 1707 1782 1693 1984 1605 1578 1709 1548 1889 1677 2105 1449 1645 2046 1537 2184 2188 1949 1539 2065 1869 2200 1965 1425 1990 1942 1519 1879 1712 1581 1998 2187 1965 1881 2112 1820 1572 1498 1751 1632 1967 1424 1630 1438 2044 1648 1636 1778 1560 2081 2115 1849 2076 1445 1926 
1877 1897 1555 2059 2054 1722 1878 1416 1410 1734 2067 1789 2198 1447 1836 1547 1762 1581 1605 1970 1546 1688 1747 2083 1977 1511 1917 1914 1907 1707 1384 1870 1780 1806 2129 1955 1545 2176 2165 2062 1870 1666 2034 1623 1386 1793 1645 2151 1670 1630 2046 1558 2168 1563 1572 1844 2090 2173 1556 1646 1440 1862 1801 2165 1659 2141 1541 1724 1891 1822 2207 1598 1778 1412 1653 1421 1874 1421 1414 1388 1427 1781 1463 2114 1632 1417 2075 2035 1712 1919 1584 1462 2162 1773 2113 2197 2055 2047 1653 1592 
1644 1461 1694 1830 1661 1462 2080 1750 1765 1576 2127 1621 1770 1901 1904 2125 2123 1626 2001 1526 1586 1417 1853 1420 1909 1823 1713 1452 1407 1959 2201 1644 1637 2152 1704 2107 2204 1968 1579 2024 1717 1789 1474 1733 2163 1844 1474 1403 1639 1952 1438 1960 1964 1622 2137 1625 2096 1685 1437 1712 1901 1682 2032 1388 1540 1464 2107 1959 1579 1927 1628 2102 1520 1831 1494 2106 1826 1782 1741 1780 2134 1701 1884 1909 1900 1475 1977 1700 1994 1853 1992 1789 1623 1434 1452 1953 1561 1695 1697 1869 
1890 1411 2002 1552 1505 1510 1388 1916 2151 1990 1482 2159 1532 1449 1922 2151 1914 1409 1914 1435 1949 1898 2036 1676 2186 1800 1665 1915 1820 1436 2098 1497 1419 1521 1583 1408 2161 2184 1954 2069 1996 2075 1969 1651 1457 2060 2141 1949 2079 1479 1691 1428 1539 2081 1926 1970 1753 1470 1693 1688 1666 1837 2083 2034 1408 1776 1520 1385 1723 1956 2050 1954 1476 1840 2110 1635 1480 1925 1821 1761 1869 1979 2122 1535 1953 1583 1483 1585 1490 1609 1754 1449 1699 1866 1787 1734 1598 1623 1743 2167 
1682 2025 1960 1945 1566 2076 1852 1579 2100 1744 1444 2004 2149 1435 1642 1809 2155 2180 1421 2045 1418 2050 1905 2097 1436 1940 1799 1888 2085 1762 1691 2084 1582 2069 1417 1561 1673 1659 1852 2063 1421 1827 1671 1819 1867 2067 2131 1528 1641 1675 1584 1785 1745 2201 1837 2190 1971 1941 2145 2126 1896 1760 2164 2205 1481 1572 1580 1757 1941 1726 1974 1685 1858 1811 2022 1890 2071 1979 1466 2153 1820 1756 1420 1857 2062 1904 1762 1788 1670 1433 2202 1842 1466 1756 1887 1738 1597 1635 1821 1784 
1703 2146 1428 1872 1636 1404 1998 1749 2148 2045 1812 1906 1448 1995 1981 2057 1800 1572 1619 2109 1587 1539 1801 1686 1519 1800 1626 1534 1821 1901 1418 2177 1867 1723 2135 2105 1958 2044 1506 1419 1660 1444 1923 2163 1816 1669 1499 1508 1628 1852 1503 2112 2006 1898 1651 2158 2153 1968 1441 1507 1476 1848 1972 1502 1853 1659 2176 2124 2202 1565 1843 1969 1657 1692 1486 1562 2168 1861 1894 1444 1864 1563 1640 1772 2207 1829 1391 1493 1927 1497 1501 1890 2036 1423 2177 2050 1529 2075 1609 2049 
2111 1887 2079 1648 2195 1538 1510 1795 1984 1551 1936 1813 1657 2068 2155 1834 2169 1770 1723 1784 2006 1891 1805 1670 2148 1568 1643 1736 2040 2205 1878 1391 1608 2198 1925 1863 1810 1537 1397 1743 1795 2089 1388 1930 1870 2048 1475 2143 2000 2081 2037 1453 1937 1685 1896 1989 1841 2026 1539 1921 1582 1723 1414 2201 1394 1914 1994 1915 1390 1803 2169 1746 1386 1930 1890 1402 1531 1706 2003 1981 1731 1494 1945 2017 1803 1424 1819 2151 2109 2101 1836 2077 1397 1706 2107 1402 1633 2209 1388 2008 
1776 1480 2089 2162 2079 1459 1834 1926 2056 1416 2120 1946 1755 2111 1930 1906 1707 1814 1649 1975 1858 1921 2159 1831 2122 1520 2009 2091 1607 2094 1553 1761 1875 1408 1814 1416 1632 1618 1425 1726 2098 1902 1978 1836 2161 1598 2123 1684 1675 1571 2002 1695 1963 1947 1431 1956 1637 1418 1440 2105 1995 2097 1796 1981 1989 2181 1415 2177 1525 1722 1926 1890 1959 1599 2126 1620 1522 1912 1753 1628 1441 1852 2182 1708 1538 1580 1778 1528 2095 1607 1476 1989 1853 2003 1750 2059 2137 1871 1733 2131 
1892 2057 1424 1646 1655 2027 2206 2119 2038 1917 2105 2086 1596 1928 2013 1550 1502 2134 1544 1433 2129 1402 1568 1797 2041 1663 1705 1959 1482 2056 2019 1962 2131 2003 1712 2133 1801 1810 2163 1484 2042 1664 1660 1911 1789 1752 1972 1450 1826 1612 1432 1678 2135 1750 1775 1993 1521 1456 1865 2039 1436 2135 1543 2030 2132 1593 1769 1626 1902 1915 1526 1461 1524 2160 1813 1995 2087 1896 1775 1627 2009 2147 1753 1800 1891 1773 1664 1787 1396 1877 1617 1991 2101 1611 1825 2125 1400 1812 1965 1576 
1513 1890 2175 2182 2073 1713 1751 1738 1828 2187 1466 2080 1919 1703 1716 1565 2196 1964 1771 1696 2168 1602 2078 2105 1403 2195 2043 2058 2137 1639 1729 1525 1507 1439 1920 1388 2140 1740 1641 2116 2122 1955 1479 2007 1675 1490 1549 2174 1807 1880 1983 1500 1787 1451 1418 1859 1695 1956 1565 1777 1590 2013 1595 1835 1664 1625 2161 1848 1722 2064 1949 1966 1976 1672 1884 2196 1612 1397 1479 1482 1622 1857 1957 1655 1926 1685 1442 2115 2134 2143 1485 1565 1516 2156 1439 2085 1887 1588 2071 2194 
2174 1525 1423 1480 2165 2175 2111 1942 1908 1568 1712 2151 1982 1694 1715 1611 1552 1481 1486 1932 2018 1904 1885 1816 1796 1767 1478 1641 1392 2005 1913 1794 1801 1464 1683 2149 2196 2014 1503 2042 1868 1636 1692 1532 1768 1892 2062 1734 2025 1755 1804 2189 1761 2168 1615 1895 2107 1703 1732 1923 1731 2145 1764 2141 2099 1479 1421 1588 2138 1801 1582 1685 2068 1452 1530 1444 1847 1430 1654 1641 1665 2107 2114 1540 1626 1409 1934 1593 1575 1816 1989 1989 1722 1525 1395 1867 1797 1895 1974 2179 
1960 1895 1946 1515 1662 2066 1905 1966 1707 2004 1986 2087 1589 1848 1511 1588 2124 1545 1927 1753 2015 1848 2186 1743 2036 1617 1906 1952 1972 1937 1903 1854 1724 2150 1416 1651 1623 2187 2171 1394 1695 1795 2104 1727 1676 1615 1640 2027 1834 1784 1701 1406 2100 1728 1517 1983 1612 1698 1957 2206 1824 1852 1775 1438 1411 1756 2173 2018 1924 2030 1936 1920 2156 1555 1528 1911 2171 1894 1745 1406 1847 1757 2056 1437 2108 1608 1808 2123 1828 2027 1702 1663 2083 1610 1742 1539 1874 2081 1777 1549 
1831 1706 2158 1650 1524 1479 1570 1830 1413 1722 1484 1926 1734 1603 2124 1968 1967 2197 1474 1929 1430 1895 1540 1926 1924 1962 1854 1897 1602 1393 1907 2062 1626 1915 2188 2139 1577 1660 1431 1826 1741 1647 1385 1407 1421 1929 1564 1929 2189 1791 2017 1720 1831 1420 1502 1769 1865 1950 2092 1558 1383 1925 1436 2097 1630 2055 2010 1587 1596 2109 1902 1639 1394 1604 1674 2106 1742 1784 1747 1842 1763 1845 1403 1829 1782 1862 1420 1864 2120 2158 1552 1896 2166 1664 1589 1690 1695 1927 1737 1511 
1812 1629 1903 1653 1419 2172 2196 1800 1983 1636 1491 1484 1968 1804 1873 2111 1838 1730 1863 1776 1956 2013 1452 2163 1698 2209 1753 1404 1961 1690 1760 2008 1581 2008 1857 1921 1502 1823 2123 1912 2026 2050 2208 1773 1862 1762 2204 1927 1862 1538 1828 1780 1468 1611 2190 1438 1849 1548 2159 1668 1865 1576 2183 1720 2197 1547 1462 1488 1658 1946 1419 1753 1656 1903 1430 2144 1995 1730 1424 1433 1583 1617 1990 1917 2121 1822 2165 1767 1730 2144 1441 1745 2034 2114 1843 2113 1724 2082 2111 2150 
1906 1505 1540 1767 1387 1852 1987 1847 1979 2026 1843 1592 1693 1997 2098 2057 1792 1413 1513 1842 1525 1482 2017 1868 1669 1395 1539 1796 1664 1494 1921 2150 1910 1493 2178 1861 2015 1832 1789 1760 1908 2137 2119 2209 2088 1421 1837 1725 1909 1585 2139 1525 2195 1594 1501 1666 1561 1783 1483 2052 1506 1722 1872 1474 2077 1666 1988 1900 2175 1949 2136 1826 1986 1669 2125 1824 1735 1859 1446 1486 2187 1730 1639 1607 1416 1709 2155 2043 1611 2085 1719 2162 1717 1403 1457 2056 1919 1796 1977 2203 
2181 1665 1450 1926 1780 1821 1655 1408 1643 1588 1581 2191 1490 1639 1871 2136 1659 1528 2152 1784 1665 2043 1773 2082 1414 1867 1831 1931 2100 1899 2087 1645 2119 1927 1452 1938 1648 1924 1508 2202 1931 2109 2121 1405 1471 2015 1716 1480 2128 1837 1795 1753 1705 2053 1760 1660 2185 1581 2043 1931 1908 2169 2067 1854 1438 1883 2142 1693 1623 1522 2039 1854 1454 2137 1644 1844 2127 1748 1626 1956 1414 1487 1680 1882 1722 2110 1599 1957 2086 1505 1752 1727 1785 1612 2076 1924 2114 1914 2036 1478 
1833 2194 2148 1884 1834 1897 1534 2006 1785 1703 1394 1680 1676 1996 1966 1738 2209 2017 2087 1688 1456 2070 1755 2094 1692 2162 1842 1934 1756 2058 1381 2043 1889 1975 1571 1722 1899 1757 1737 2015 1827 1421 1903 2178 1445 1749 1992 1843 1706 1607 1734 1689 1746 2064 2038 2066 1626 1420 1708 1725 1587 2197 1765 1958 1519 1457 2001 1696 2094 1581 1707 1744 2116 1763 1392 1703 2038 1593 2056 2113 1727 1853 1445 1500 1775 2017 2067 2193 1859 1526 2021 1462 1765 1507 1953 1801 1934 2166 1796 1599 
1572 2022 1867 1601 1389 1798 1638 1891 1394 2159 1479 1835 2109 1646 1491 1584 1906 2052 1515 1552 1453 1602 1848 1546 2150 2137 1647 1620 1716 1488 1743 2001 1568 1618 1849 1500 1560 1501 1699 1942 1536 1579 2056 1387 1678 1781 1636 2153 1433 1768 2125 2126 1748 1852 2180 2036 1862 2176 1974 1592 1523 2177 1992 1694 2132 1732 1414 1955 1996 1654 2027 1643 1837 2090 1463 1780 1732 2093 2049 1412 1689 1992 1898 2135 1741 1610 2047 1793 1534 1888 1598 1743 1557 1818 2140 1761 1407 1684 1589 1389 
2154 1944 1587 1789 1916 1388 1867 1729 1589 1488 1539 1765 1870 1732 1854 2021 1968 1479 1946 1733 1727 2173 1413 1848 1435 1816 1525 1908 2129 1839 2162 1640 1930 1492 1567 1766 1670 1747 1747 1872 1880 2162 2066 1457 1693 1532 1822 2180 1854 1884 1716 1387 1873 2063 1451 2188 1864 1409 1421 2098 2074 1627 1624 1980 1541 1932 2108 1526 2110 2048 1445 2066 1637 1876 1733 1682 1634 2045 1551 1783 1823 1515 1401 1849 2085 2177 1902 1711 2009 1657 1723 1400 2146 1438 2122 1440 2126 1459 1667 2086 
2137 1595 1476 1390 1944 2121 1499 1431 1450 1475 1799 2094 1436 1496 1950 2009 1851 2112 1943 1749 2015 1798 1585 1810 1622 1958 1609 1657 1803 1717 1557 1898 2091 1799 1508 2064 2163 1412 1706 2031 2079 1922 1572 1847 1688 1726 1787 1641 1548 1907 1621 2176 1841 1623 1755 1946 2156 1459 2075 1899 1976 1481 1483 1458 1937 1593 1944 1688 2127 1901 1716 1599 1801 1836 2059 1675 2012 2164 1994 2176 1592 1731 1900 1989 1412 1945 1817 1691 1614 1666 1545 1434 1389 2133 1711 1757 1429 1987 1466 2164 
1473 2044 1945 1656 2070 1678 1415 1907 1382 1755 1951 1459 2178 1850 1486 1684 1593 1968 1860 1937 2018 1623 1925 1414 1884 1637 1799 1907 1698 2136 1574 1902 1618 1861 1833 1871 1606 2133 2083 1821 1450 1418 1416 1959 1732 1556 2192 1546 2034 1506 2019 1798 1484 1572 2182 1469 1861 1818 1525 1558 1573 2065 1637 1399 1833 2014 1639 1590 1882 1759 1599 1580 1754 1683 1580 1921 1465 1625 2068 2095 1931 1995 1392 2165 2111 1725 1867 1993 1387 1471 1435 1847 2208 1869 1890 1634 1753 1395 2167 1383 
1431 1870 1491 1875 1702 1844 2049 2103 1907 1841 1869 2092 2091 1898 1954 1804 1541 1707 1715 1674 1879 1959 2094 1965 1477 2010 2201 1858 1778 2058 1510 2029 2085 2101 1880 1517 2049 1389 1901 1829 1783 1708 1655 1427 1632 1752 1563 1523 1479 1966 2085 1901 2135 1598 1468 2064 1684 1780 1705 2116 2055 2171 1688 1635 1621 1421 1663 2047 1856 1868 1658 1783 1564 2084 2085 2134 1480 1424 2032 2155 1989 1411 1411 1808 1444 1448 1460 1381 2151 2060 2172 2182 1983 2037 1448 1894 2169 1717 1384 1880 
1848 1564 1679 1900 2089 2049 1917 2133 1576 1868 1857 1996 2037 1620 1909 2119 2076 2135 1709 1428 2021 2038 2018 1869 1462 1592 1880 2075 1967 1686 1828 1580 1856 1865 1647 1715 2106 1863 2191 1597 1824 1479 1545 1459 1402 1711 1771 1735 1648 1443 1961 1933 1859 1846 2123 2141 1734 2055 1933 1778 2073 1929 1758 1722 1778 1931 1623 1997 1514 2017 1614 1799 2109 2024 1845 1606 1992 1570 2126 1498 2141 1772 2151 2116 1886 1568 2190 1976 2062 1702 1932 1708 2050 2148 2017 1923 1795 2082 1533 2132 
1884 2149 1689 1691 1514 1687 1638 1941 1552 1632 2114 1615 2100 1944 2032 1947 1416 1660 1777 1998 1747 2113 1925 1855 1871 1430 1634 1692 1458 1729 1626 2101 1888 1473 2126 1941 1565 1707 1955 1761 1723 1434 1766 1451 1504 1404 1518 2145 2113 1534 2198 2109 1533 1793 1480 2009 1549 1759 1965 2159 1733 1393 1389 2029 1696 1894 1836 1681 1956 1985 1782 1535 1522 2088 2123 2098 2199 2126 1794 1956 1392 1613 1599 2156 1910 1710 1555 2103 1978 2072 1656 1396 1399 2108 2086 2161 1627 2182 1960 1853 
1594 1747 1959 1809 1410 1799 1511 1616 1675 1544 2081 1762 2137 2188 2008 1916 1458 2143 2029 1544 1823 1457 1794 1846 2181 2005 1873 2161 1832 1602 1608 1498 1870 1420 1491 2103 1735 1441 1561 1952 1711 1546 1450 1494 1867 1645 1948 1800 1716 1730 2172 1754 1613 2073 1478 1884 1719 1595 1720 1385 1752 1819 2067 1742 2081 1701 1898 1661 1783 1957 2032 2187 1767 1601 1704 2196 1790 2007 1527 1500 1469 1665 1385 2054 1760 1581 1776 1542 1924 1873 1935 2038 1418 1839 1977 1486 2181 1816 1429 1761 
2067 1840 1920 2049 1826 1642 1538 1395 1704 1554 1501 1458 1496 1417 1518 2125 2132 1625 1549 2196 2193 1924 1908 1647 2065 1768 2083 1400 1419 1408 2188 1940 1524 1912 1818 2171 1636 1663 1470 1707 1415 2040 1736 1503 2031 1544 2182 1645 1462 2032 1484 1741 2053 1654 1731 1716 1478 1962 1456 1597 1960 1947 1690 1975 1545 1461 2186 1671 1388 2104 1847 1631 1629 1988 2184 1535 2027 1728 1496 2194 1543 1622 2123 1427 1568 1524 1514 1410 2193 1697 1942 1418 1931 1553 1513 1931 2149 1521 2043 1675 
1983 1511 1998 2159 1551 2099 1765 1919 2000 1724 2051 1731 1973 1503 2067 1745 1511 1592 1728 1472 1948 1527 2168 2202 2163 1546 1624 1667 1925 1686 1921 1535 2206 1832 1391 2056 2114 2125 1902 2055 1794 1391 1505 2200 1636 1517 1661 1911 1514 1503 1589 1448 1772 1459 1579 2072 2155 1874 1911 1413 1602 2014 1568 1505 2031 1615 1629 1633 1931 1879 1419 1555 1672 1436 1963 2030 2147 1856 1826 1477 1716 1803 1528 1414 1727 1507 1665 1922 1408 1865 1403 1579 1460 2139 2024 1871 1881 1950 1867 1551 
1500 1575 2112 1717 2001 1499 1987 1741 1753 2116 1862 1946 1635 2098 1695 1985 1681 1905 1571 1673 1395 1881 1507 2120 1381 2118 1528 1573 1488 1788 1658 1450 2067 1451 1702 1728 2165 1575 1819 2119 2032 2090 1462 1957 1501 1629 1858 1713 1485 1394 1631 2072 1663 1810 1450 2202 1778 1453 1563 2059 1654 2116 1709 1838 2125 1566 1662 1587 2167 1677 1705 1792 1533 1693 1402 1594 1463 1430 1566 1981 1836 2087 1794 1442 1959 1945 1674 1672 1416 1520 1481 1903 1846 1895 1993 1787 1651 1950 1464 1738 
1782 1505 1991 1686 1802 1753 1847 2190 1615 1884 1483 2086 2002 2182 1997 2047 1584 1682 2070 1655 2138 2194 1964 1463 1593 1767 1801 1490 1731 1517 2004 1996 1849 1567 1874 1973 1976 1615 1674 2144 1900 2030 2087 2105 1762 1860 1871 2189 2076 1728 1836 1716 1889 2171 1435 1706 1433 1822 1485 1986 1964 1637 1793 1950 2206 2086 1556 2041 1755 1443 1919 1852 1388 1821 2190 1758 1600 2053 1569 1552 2079 2020 2035 1650 2188 1680 1983 1690 1726 1932 1520 1799 1917 1910 1637 1591 1867 1681 1905 1613 
2095 1900 1382 1876 1759 1781 1600 2180 1992 1622 1560 2198 1454 1538 2034 1497 1665 2168 2004 1897 1834 2095 2006 2134 1423 2185 2122 1392 1722 1825 1520 1870 1878 1970 1824 1937 1612 1591 1953 2012 1413 1907 1582 2196 1922 2042 1903 1414 1879 1682 1783 2174 1618 1465 2014 2018 1479 1830 1538 1641 1544 1400 2070 2043 2130 2008 1576 2139 1977 1828 1642 1403 1708 2142 1563 1992 1567 1763 1847 1672 1593 1718 1522 2182 2133 1861 1605 1437 1718 1578 1787 1869 1525 1879 1480 2171 2158 1733 1742 1483 
1782 1960 2110 2037 2204 2036 2079 1804 1653 1569 1695 2087 1740 1978 1567 1592 2048 1589 1943 1428 2097 1895 2014 1885 1551 1758 1873 2117 2134 1859 1676 1799 1522 1769 1921 1734 2097 1439 1689 1494 1648 2087 1433 1842 2053 1622 1406 1784 2043 1978 2179 2009 1737 1784 2065 1988 1684 2200 1623 1868 2174 2086 1532 2018 1817 1423 1389 2090 2031 1612 2189 1932 1983 1474 1772 2009 1516 2167 1558 2106 2067 1846 1521 2085 2205 1860 2007 2100 1677 1803 1551 2171 1878 2174 1693 1995 1537 1628 1867 1894 
1622 2039 1551 1866 1581 1425 1706 1587 1509 1596 1589 2174 1706 1953 2138 1617 1886 2065 1518 1881 1412 1759 2157 1558 1758 1840 1598 2108 1473 2041 2209 1574 1650 1969 1680 2055 2104 2158 1580 1801 2037 1676 1475 1816 1535 1408 1573 1512 2131 1800 1720 1749 2103 1645 2137 1501 2128 1529 1545 1510 1566 1563 1838 2172 1559 1684 1443 2160 1463 1433 1740 1707 2003 1452 1918 1534 1647 1751 2106 1604 2151 1776 1768 1502 2005 1577 1598 1582 1584 1443 1926 1516 1777 1744 1745 2186 1469 1518 1943 1559 
1439 1424 1772 1774 2166 1539 1908 1449 1851 2152 2128 1571 1395 1537 1430 1537 1831 1777 1691 1456 1530 1638 2007 2124 1620 1508 2100 1601 1713 1833 1549 1903 1474 1455 2082 1462 1545 1526 1416 2023 1600 1681 1697 1521 1644 1775 1570 1830 2172 2130 1891 2168 1957 2025 1736 2064 1983 1827 1893 1435 2097 1670 1410 1729 1504 1740 2041 1795 1928 2027 2147 1684 1718 1476 1391 1607 2104 1501 1791 1549 1459 1881 1611 2032 1856 2024 1907 1577 1994 1827 1518 1713 2120 2047 1910 1625 1997 2206 1892 2084 
1729 1611 1646 1463 1611 1612 2205 2181 1666 1555 2110 1399 1655 1613 1935 1526 2190 1891 1482 1700 2036 1595 1729 1849 2090 2045 2122 1633 2164 1678 1961 2021 1462 1502 1393 1800 1722 1721 2134 1995 1865 1407 1720 1731 1479 2132 1835 2077 1504 1808 1633 1776 1648 2005 2051 2196 1747 1963 1472 1440 1421 1750 1537 1602 1987 2124 1913 2052 2142 1750 1519 1386 1474 1684 2130 1527 1690 1893 1758 1914 2040 2023 1774 1753 2134 1808 2194 1859 1722 1383 1567 2159 1846 1688 1597 1439 1448 2125 1686 1587 
2044 2155 1516 1835 1674 1600 1764 1427 1635 1572 1691 1905 1650 2207 1528 1947 1599 2015 1946 1960 2097 1559 1496 1904 1426 1962 1900 1638 2009 1425 1714 2092 1401 2151 1695 1863 2107 1901 1521 1565 1846 1970 2144 1622 2055 1490 2065 1772 2205 2168 1618 1674 1991 1558 1944 2148 1904 2118 1544 1816 1542 1940 1636 2134 2045 1786 2015 2060 1613 2198 1664 1770 2129 1495 1537 1677 2184 1970 1862 2112 1749 1666 2172 1525 2156 2209 1958 1952 1896 1698 1560 2085 1647 1607 1470 1477 1534 2111 1436 1966 
2016 1564 1678 1909 1506 1446 2138 2047 1816 2147 1558 1894 2181 1400 1786 2170 2066 1631 1886 1764 2173 2057 1704 1574 1579 1669 1852 2055 1653 1705 1947 2017 1389 1578 1513 1732 1852 1920 2002 2054 2125 1582 1739 1723 1773 1412 2043 1878 2011 1412 1740 1930 2201 2055 1473 1488 1714 1902 1567 1414 1942 1680 1606 1986 1522 2134 1399 1986 2009 1599 1682 2096 1758 1839 2019 1960 1878 1555 2168 1888 1633 1607 1991 1984 1433 2021 2072 1403 1640 2139 1616 1625 1470 1720 2207 1816 1430 1980 2051 2104 
1540 1819 1937 2028 1505 1924 1860 1565 1924 2156 1434 1793 2133 1493 2013 2081 2161 2162 1579 2198 1807 1890 2063 1453 1568 1709 2070 2072 2130 1431 1936 1860 1723 1422 1460 2109 1582 1820 1474 1396 2108 2206 1548 1703 1792 1504 1740 1677 1588 1866 2138 2132 2132 1803 2131 1936 1438 1475 1427 1929 1657 1401 1608 2101 1922 1815 1406 1557 1803 1661 1464 1802 1554 1511 1985 1413 2003 1569 2117 1971 2021 2047 1584 2170 1441 2152 2117 2023 1657 2173 1734 2116 2082 1620 1403 1540 1712 1986 1511 2174 
2084 2055 1767 1989 1832 2063 1731 1717 1550 1651 1788 1734 1499 1554 1434 1942 1418 1640 2163 1554 2201 1595 1477 1650 1600 1413 2186 1901 2163 1585 1975 1642 1824 1397 2206 2052 1546 1669 2026 1604 1613 1464 2194 1611 1923 1460 1592 1402 1794 1588 2132 1977 1827 2132 1623 1432 1847 1654 2002 2073 1885 1992 1619 1463 1666 1715 2160 2197 1633 1413 1657 1975 1975 1437 1459 1459 1710 1757 2180 1636 1786 1870 1824 1855 1803 1497 2185 2029 1984 1999 1544 1887 1471 1768 1824 1689 1531 2064 2055 2155 
1502 1851 1775 2054 1646 2151 1643 1557 2051 1849 1522 2192 2115 1817 2026 1880 1614 1539 2165 1853 1836 2078 1527 1709 2142 1567 1624 1722 1858 1669 1561 1904 2173 1912 1847 1472 1921 1993 1424 1838 2042 1861 1576 1639 2106 1771 2173 1565 1912 1501 2014 1492 1747 1458 1490 1862 2164 2040 1473 2011 1954 2125 2097 1613 1526 1625 2078 1699 1742 2069 1606 1754 1686 2041 1587 1942 1977 2102 1522 1610 1925 2148 2194 1870 2023 1398 1860 1975 1448 1765 1562 2088 1887 1420 1823 2112 2109 1939 1589 2003 
1753 1643 1724 2086 2193 1407 1600 2114 1449 1909 2178 1734 1914 2177 1525 1863 1712 1446 2030 2117 1399 2183 2175 1716 1954 1485 1850 1778 1721 1520 1454 1679 1878 1971 1498 1472 1417 1755 2173 1628 1805 1473 1736 2157 2045 2101 1578 2002 1802 1485 1843 1600 2093 2189 1816 1606 1464 2077 1544 1881 1691 1798 2139 1627 1836 1909 1443 2006 2107 1508 2198 2137 1584 1578 2184 1614 1703 1502 2184 1761 1639 1668 1851 1880 1646 1666 2187 1863 1441 1604 2041 1973 2191 2015 1663 1940 2052 1839 1801 2185 
2195 1683 1867 2195 2187 1412 1797 1851 1909 2207 2011 1744 2018 2020 1509 1493 1576 1564 1897 2059 1757 1990 1673 1784 1865 1500 2065 1769 2098 1681 1654 1808 2166 2069 2086 1699 2011 1398 2173 1450 1941 2085 2083 1630 1910 1821 1614 1567 2197 1496 1397 2009 1504 1533 1762 1778 2041 2052 1425 1825 1458 2077 1794 1910 2091 1638 1958 2090 1458 1829 1939 1970 1942 1836 1828 1408 1620 1983 1708 1583 1839 1823 2142 1496 1635 1644 2139 1955 1558 1733 1660 1385 2131 1776 1820 2065 2140 1910 1594 1554 
1867 1823 2199 1643 2200 1612 1688 2170 1679 2157 1503 1865 1906 1724 2005 1566 2089 1412 2112 2019 1793 1540 1834 1925 1575 1546 1585 1912 1482 1710 1798 1934 1925 1709 2093 1990 1688 1786 1522 1409 1646 1909 1466 1574 1580 2122 2164 2055 1749 1450 1596 1384 2020 1998 1874 1494 2142 1673 2132 1744 2180 1515 1902 2033 1731 1835 1416 1939 1793 1819 2023 1583 1680 1760 2014 2111 1565 1486 1629 1399 1686 1422 1632 2097 1424 1874 1926 1423 2173 2170 1668 1628 1621 2101 2143 1910 1518 1483 1422 2174 
2184 2177 1871 1734 2044 1807 2086 2010 1731 1602 1765 1518 2073 1418 1815 1746 1567 1890 1764 1819 1551 1384 1811 1632 2051 1648 1593 1650 1696 1708 1526 1846 1606 1654 2102 1431 1814 2122 1498 2076 2016 1836 2064 1610 2058 1585 1685 2206 1414 2203 2083 1663 1982 2174 1870 1506 1719 1994 2150 1888 1411 1480 2005 1390 1502 2154 2182 1381 1781 1688 2137 1555 1723 1644 1911 2001 2096 1461 1516 1913 1754 1441 1893 1885 2128 1748 1721 2175 1948 1859 1451 1404 1817 1431 1533 1393 2174 1626 1566 1766 
1766 2073 1935 2057 2111 1739 1498 1820 2105 1792 1420 2190 1466 1684 1489 1425 1919 1987 2178 1997 2137 2178 2038 1563 2044 1570 1616 1734 1621 2184 2112 1473 1470 1701 2078 1586 2179 1491 2061 2034 2160 1892 2073 1789 2129 1706 2072 1995 2185 1592 1809 1737 1968 1631 1707 1799 1761 1584 2186 1729 1433 1401 1855 2082 1884 2191 1545 2013 1935 1989 1730 1498 2034 1571 1415 1457 1966 1552 2045 2134 2173 1774 2112 1494 1652 1998 1497 1659 1516 1530 1968 1713 1569 1943 1506 1630 1789 1607 1420 1772 
2096 1533 1779 1391 1442 1538 1803 2004 1733 1832 1877 1835 1451 1929 1884 1412 1438 2060 2081 1755 2046 2055 1393 1823 1752 2174 2201 1957 1678 1398 1944 2163 2065 1923 1387 1976 1644 2205 2115 1462 1434 1733 1791 1805 1451 2181 1542 1461 1461 2016 2013 1932 1524 1483 1916 1935 1823 2163 1934 1415 2033 1534 1618 1940 1434 1678 1705 1432 1414 2002 1915 1985 1699 2054 2030 2104 1839 1645 1497 1946 2095 2049 1912 2024 1666 1992 1388 1685 2175 1594 1899 1670 1603 1423 1821 1595 1769 2011 2082 1740 
2158 1438 1470 1384 2112 1955 1739 2200 2175 1929 2127 1940 1460 1582 1573 2064 1767 1846 1880 1793 1902 1455 1809 1820 1913 1637 1596 1510 1650 1658 1453 1971 2111 1801 1433 1458 1710 1763 1674 1819 2099 1545 1403 1716 1705 2186 1852 2148 1977 1639 2097 2138 2089 1497 2086 1388 1857 1566 1486 2065 1550 2053 1940 1734 2013 2068 1818 1928 1679 1471 1565 1714 1997 1649 2163 1712 1437 1977 1929 2003 1961 1988 1861 2017 1674 1500 1421 2017 1588 1852 1557 1427 1755 1635 1917 1536 1977 1738 2135 2104 
1716 1460 1982 1993 2062 2178 2093 1749 1716 2091 2026 2009 1616 1386 1801 1707 2076 1847 2047 1820 1986 2041 2035 1743 1908 1412 1769 1800 1859 1874 1501 2188 2202 1425 1520 1562 1722 2062 1942 1788 2041 1993 2084 1405 1728 1875 1804 1713 1444 2178 2136 1448 2011 2146 1811 1799 1930 1656 1814 1583 2015 1383 1892 1525 2155 2104 1383 2188 1875 1385 1767 1437 1390 2075 1442 1693 1787 2053 1553 1788 1854 2102 1424 1444 2081 2029 1923 2056 1832 1893 1772 1696 1875 2133 1971 1412 1533 2202 2139 1825 
2008 2051 1477 1763 2209 1488 2147 1433 1850 2209 1985 1617 1537 1482 1684 1408 1970 1418 2031 1931 1509 1397 2078 2084 1509 1594 1449 1772 1460 1633 1837 1435 1576 1465 2091 2001 1450 2099 1528 1645 1452 1653 1750 1709 2077 1904 1529 1555 1653 2202 2039 1487 1931 1756 1595 1485 2159 1817 1669 1803 2165 1609 1771 1517 1657 2037 1944 1923 2147 1457 2175 1952 1664 1681 2123 1754 1793 1766 1649 2105 1555 1973 1741 1382 1424 1886 2040 1439 1490 1660 1695 1935 1541 2140 1941 1386 1554 1613 1430 2181 
2192 2080 2078 1639 1864 1805 1544 1705 1866 1388 1888 1756 2081 1919 1915 2209 2075 2171 1581 2030 1533 1538 1965 1423 1974 1575 1668 1905 1900 1553 2157 1613 2164 1946 1594 1715 1781 2142 1947 2007 1696 1698 1797 1756 2182 2093 1573 1505 1431 1833 1788 1837 1814 1451 1412 1958 2112 1712 2126 1578 2195 1803 1589 1630 1463 1442 1794 2034 1844 1677 1893 1477 1546 1950 2097 2033 2016 1407 1513 2150 2059 1454 2103 1837 1705 2011 1443 1451 1499 1681 1775 1404 1794 1801 1465 1838 2177 1587 1957 1937 
2141 2196 1655 2022 1664 1812 1890 1434 1519 1962 1875 1514 1403 1650 1400 1566 1932 1520 2110 1762 2027 1422 1732 1422 1953 2005 1795 1391 2135 1806 2163 2019 1595 2204 1810 1951 1876 1589 1682 1478 1557 2108 1435 1775 2159 2008 1576 2054 1424 1981 1615 1781 1636 1914 1726 1820 1383 1960 1821 1930 1741 1873 1422 1852 2121 1923 1603 1619 1873 1791 1915 1835 1952 1997 1703 1720 1982 1417 2057 1934 1384 2150 1609 1755 1428 1734 1889 1871 1743 1761 1567 1828 1496 2078 2134 1598 1515 2119 1567 1539 
1752 1566 2113 1893 1885 1629 2008 1768 1903 1785 2028 1807 1737 1974 1760 1688 1552 1680 1780 1738 1591 1903 2143 2014 2051 1873 1543 1993 1432 1732 1536 1564 1495 2171 2205 2078 2097 1931 1528 1578 1425 1438 2062 1993 1850 2204 1564 1881 1460 1463 1701 1821 1513 1944 1883 1989 1679 1426 1697 1580 1956 1685 1853 1569 1946 2000 2055 1461 1737 1665 1480 1519 1713 2120 1405 1784 1909 1745 1815 1833 1458 2128 2007 2069 1679 1808 2125 1743 1441 1676 2136 1621 2027 1511 1878 1863 1921 1906 1990 1473 
2180 1906 1663 1502 1470 1962 2197 2007 2174 2113 1993 2131 1792 1548 1558 2119 1935 1993 1900 1969 2174 1527 2156 1924 1872 1402 1774 2156 1444 2135 1593 1416 1552 1783 1807 1618 1545 1804 1669 2191 1899 1511 1715 2205 1622 2147 1428 1740 2011 1755 1788 2021 1421 2037 1904 1495 2071 2106 1675 1526 1419 1517 1768 2175 1402 1629 1640 1404 1530 1721 1686 1631 1644 1592 1464 1913 1999 1835 1602 1747 2176 2153 1922 1763 1930 1679 1735 2035 1796 1642 1625 1429 1844 1461 2192 2065 1647 1756 1894 2026 
1959 2072 1531 2039 1419 1698 1602 1613 2101 1950 2169 1462 2104 1845 2199 2028 2140 1480 1422 2136 1476 1974 1702 1715 1806 1497 1651 1872 1625 1713 1674 2174 1491 1416 1604 1423 1906 1684 1442 2068 1804 1505 1579 1625 1450 2121 1579 2021 1676 1765 2096 1461 1840 1863 1759 1595 2020 1461 2170 1661 1817 2105 1609 1532 1651 2070 1887 1504 2078 1698 2036 1598 1598 1664 1702 1915 1934 1629 1958 2136 1704 1468 1401 2001 2128 1699 2072 1477 1642 1619 1511 2081 1476 1787 1826 1749 1463 1995 1816 1939 
1813 2075 2074 1960 1518 1969 1711 1881 1393 1738 1381 1621 2069 2201 1519 1469 1447 2174 1530 1653 1447 1643 1826 1382 2007 1509 1862 2186 2033 2064 2070 1415 1633 1725 1626 1641 1560 1438 1724 1987 1750 2135 1636 2074 2121 2010 1633 2201 1562 1610 1520 1935 1776 1970 2078 1963 1474 1657 1491 2193 1846 1875 1392 1404 1392 1611 1802 1750 1753 2138 1426 1983 1633 1782 1892 1867 1754 1572 2144 1448 1449 2100 1613 1828 2026 1830 2033 2195 2167 2121 2209 1532 1479 1590 2023 1583 1995 1778 1998 1392 
1779 1407 1903 2004 2016 1806 1777 1901 1950 1488 1405 2023 1682 1898 1819 1498 2021 2031 1464 1528 1709 1663 1757 1597 1770 1888 1486 2129 1442 2122 1638 1470 1827 2155 1587 2068 1542 1793 2064 1934 2131 1724 1809 1767 2122 1511 1665 1853 1712 1480 1607 1799 1607 1591 1873 1513 1404 1973 1428 1539 1592 1584 1794 1900 1842 1633 1696 1928 1669 2026 1745 1706 1800 1848 1572 1855 1556 2187 2171 1840 1990 2008 1477 1602 1742 2169 2021 1516 2191 1858 1957 1666 1407 2204 1965 1978 1381 2147 1445 1689 
1651 1614 1949 1693 1399 1688 2112 2069 1788 1577 1919 1663 2158 1849 1632 1784 1975 1688 1967 1431 2060 1548 2209 1672 1961 1732 1776 1778 1868 1902 1551 1966 1704 1895 1962 2178 1492 1883 1416 2045 1835 2124 1698 1850 1828 1901 1491 1780 1945 2019 2007 2065 2063 2144 2208 1906 2002 1442 1922 1504 2177 1492 1426 1628 2186 1972 1741 1724 1825 1950 1534 1386 1532 1797 2126 1393 1822 2077 1995 2043 1711 1497 2026 1657 2049 2030 1950 2021 2020 1594 1596 1970 1880 1585 1928 1547 2079 1871 1605 1695 
1784 1702 1889 1563 1936 1482 2024 2101 1979 1484 2167 1530 1680 1800 1897 1823 1595 2046 1888 1682 1962 1438 2125 2185 1941 1634 2149 2093 1491 1462 1486 1598 2184 1852 1494 1698 1917 1736 1792 1500 1926 2041 1852 1884 2168 1532 1537 1791 1392 1626 1794 1808 1778 1909 1780 1646 1993 1573 1582 1398 1876 1628 1757 1825 1881 2202 1932 2195 1513 1780 1393 1798 1641 2209 1712 1739 1762 2025 1793 1538 2180 1990 1612 1440 1522 1495 1743 1666 1528 1949 2156 1862 1916 1612 1680 2099 1445 1726 1550 1784 
2202 1648 1848 1792 2153 2171 1775 1480 2112 1882 1683 1434 2082 1677 2142 2148 2085 2027 1438 1737 1660 1914 1996 1568 1653 1773 1649 1893 1456 2007 1572 1906 1920 1535 2056 1893 1990 1811 1908 1427 2050 2155 1693 1449 1657 1629 2148 1381 1830 2010 1387 1966 2117 1909 1957 1788 2035 1708 2123 2081 2183 1912 1758 1859 1637 1529 1810 1851 1995 1583 1784 1794 2152 1634 1749 1442 1466 1984 1483 2130 2000 2037 1645 2153 1661 2158 2041 1953 1636 1436 1736 1490 1877 1881 1771 1440 1617 1727 1571 1777 
1633 1683 1658 1467 1763 1519 1578 1960 1666 1522 1504 1484 1821 1612 1555 1457 1506 1846 1901 1883 2197 1735 2083 2108 2186 1980 1572 1650 1597 1713 2166 1640 1986 2014 1971 1843 1884 1868 1995 2171 1720 1794 1836 1926 1639 1490 1896 1576 1611 1555 2207 1583 1992 1860 1729 1421 1571 1440 1756 2111 1971 1489 1687 1715 1857 2026 2050 1809 1536 2110 2025 1989 2106 1835 1663 1503 1544 1668 1413 1496 1393 1673 1525 1744 1752 2005 2002 1641 2103 1449 1835 2186 1727 2207 2142 1803 1395 2141 2075 2120 
2102 1791 1527 2111 1995 2029 1597 2016 1923 1656 1711 2015 1692 1914 2185 1919 1947 1935 2061 1546 1855 1615 1863 1955 1996 2128 1406 1802 1709 1918 1584 2101 1754 1671 1970 1582 1617 1624 1520 1512 1811 1939 1894 1612 1680 1801 2164 1604 1561 1723 1393 2044 1622 1875 1511 1721 1637 1579 2069 2170 1744 1471 1909 2067 1767 1667 1686 2065 1434 1615 1760 1629 2182 1499 1886 2151 1473 2161 2088 1487 1497 1928 1838 1674 2038 1985 2113 1385 2130 1942 1642 2176 1880 1820 1479 1794 1597 1898 1592 2207 
1626 1572 1994 1424 1466 1462 1833 1872 1873 1947 2034 1492 1874 1681 1920 1434 1658 1538 1844 1877 1952 2016 1720 2118 1838 1980 2096 2009 1574 1410 2115 1810 1594 2011 1450 2012 2159 1466 1960 2078 1706 1578 1498 2005 1913 1500 1893 1708 1511 1419 1694 2202 1598 1657 1435 2207 1601 1987 1485 1659 1647 1406 1470 1567 1706 2008 2079 1874 1685 1698 1768 2055 1435 1878 1818 2111 1574 1708 1517 1664 1980 1927 1742 1433 1441 1467 1818 1521 1511 1976 2124 1602 1660 2024 2015 2178 1866 1762 1684 2105 
1659 2041 1600 2209 1564 2208 1473 2116 1859 1586 2149 2108 1572 1988 1676 1527 1802 1768 2016 1708 2047 1515 2082 1514 1957 1391 2031 1860 1679 2087 1986 1709 1935 1626 1625 2095 1575 1576 2032 2092 1974 1395 1714 2164 2003 1886 2209 1685 1427 1916 2128 1784 1968 1931 1699 1546 1715 1652 1506 1725 1646 1548 1715 2209 1924 1938 1446 1722 1558 1553 1737 1483 1841 1656 1695 1690 1827 1723 1901 1861 1597 1680 1817 1877 2156 1739 1894 1997 2037 1750 2016 1584 1733 1630 1827 1924 1402 1907 1531 2108 
2193 2149 1699 2135 2054 1832 2087 1889 1698 1456 1775 1488 1753 1830 1611 1888 1560 1664 2185 2034 2058 2153 1580 1997 1723 2168 1481 1481 2013 1807 1834 1477 1776 2068 1613 1492 1880 1839 1777 2141 1983 1551 1841 2180 2168 2185 2054 1484 2054 2109 1724 1708 2183 1516 1818 1423 1858 2156 2018 2203 1854 2044 1922 1493 1727 2015 1919 2206 1867 2104 1830 2026 1816 1617 1836 1923 2103 1810 1393 1693 1816 1601 1734 1763 1651 1627 1954 1882 2083 1483 2178 1787 2016 1601 2163 1795 1408 1534 1765 1799 
1751 1752 1938 1952 1789 2002 2037 2178 1548 1772 1941 1457 1595 1855 1722 1880 1766 2160 1689 1969 1620 1803 1518 2152 2196 2127 2027 2186 2190 1471 1443 1886 1895 1448 1621 1793 1584 1816 2028 1911 2019 1867 2064 1560 1929 1633 2065 1518 1928 2127 1896 1794 1687 2120 1500 2090 1638 1586 1615 1968 1430 2030 1398 1393 1797 2085 1713 1690 2179 2205 1596 1612 1852 1741 2082 2068 1593 1992 1627 1904 1781 1753 1432 2170 1971 1421 1452 1420 1941 2153 1819 1771 1848 2144 2066 1828 1541 1809 1632 1951 
2176 1923 1878 1463 1440 1810 1552 2002 2075 1486 2048 1898 2206 1503 1635 2149 1832 1565 2010 1683 1939 2167 2077 1617 1930 1422 1527 1895 1918 1439 1463 1656 2099 2130 1397 1728 2013 1720 1454 1875 1458 1801 1821 1794 2110 1807 2180 1672 1703 1894 1529 1732 1757 1943 1446 1816 1567 1981 1458 1524 1525 1624 1790 1985 1535 1686 1654 1613 1424 1887 1991 1970 1595 1526 1571 1708 1957 1580 1876 1892 2032 1942 1614 1955 2177 2194 1587 1695 1383 1492 2185 2141 1391 1836 1654 2022 1505 1601 1889 1445 
1913 1596 1592 1686 1916 1583 2151 1895 1483 2064 1444 1452 2190 1908 1827 1892 1658 1725 1894 1826 1972 2164 1964 2131 1789 1752 1670 1461 2033 1417 1860 2106 1591 2060 1733 1673 1504 2189 1395 1548 1667 1414 2065 1684 1494 1879 1430 1735 2137 1516 1909 1770 1424 1794 1421 2135 1647 2118 2104 1887 1985 2069 1486 1717 1577 2125 1780 1578 2025 1522 1963 2149 1809 1392 1500 1628 2060 1410 1561 1689 1963 1859 2100 1658 1844 1447 1408 1418 2136 1785 1559 1994 1810 1993 1384 1870 1660 1643 1618 1934 
1602 1681 1498 1763 2069 1664 1869 2049 1621 1790 1535 2002 1806 1591 1515 1941 2024 1740 1643 2167 2015 1703 1530 2000 2024 2178 2149 1394 2080 2107 1915 1575 1410 2188 1913 1540 1826 1862 1794 2058 1455 2003 1792 1389 2075 1562 2153 1520 1638 1803 1874 1476 2151 1386 1876 1699 2005 1564 2090 1882 1660 1491 1415 1755 1760 1618 1642 2079 2052 1704 1396 2098 1822 1822 1571 2122 1522 1718 1402 1841 1826 2080 2201 2022 1486 1384 2206 1383 1692 2172 1953 1975 2200 1499 1743 1789 1677 1880 1634 1654 
1474 2002 1916 1448 1693 1871 1994 2038 1731 1807 2015 1787 2128 1683 1396 1426 1618 1762 1523 1632 1472 1716 2176 2130 1436 1587 1533 1799 1751 2173 1903 1416 1879 1962 1958 2198 1921 1636 1782 2124 2096 2124 1657 2005 1748 1547 2189 1597 1530 1576 2027 1628 1908 1492 1460 1451 1464 1595 2130 2028 1816 1565 1794 1466 1620 2076 1459 2083 1469 2025 1776 1911 1648 1634 1790 1476 1534 2002 1523 1759 1574 1868 1609 1782 1910 1953 2146 1663 1905 2206 2124 1639 1727 1849 1838 1542 2038 2070 1612 1512 
1662 1466 1671 1578 1971 1527 1658 2097 1524 1584 1661 2062 1779 1553 1512 2205 2109 1614 1658 1573 1971 1490 2095 1644 2019 1659 1697 1940 1738 1961 2193 1821 1627 1648 1637 1935 1491 1490 1910 1633 1924 2094 1439 1748 1508 1486 1544 1912 1619 2108 1527 1933 1519 1808 1652 1886 2017 1588 2091 2084 2159 1478 2092 1474 1699 1556 2196 1821 1722 2061 1508 1583 1419 2115 1530 1551 1418 1979 1795 1693 1733 2029 1803 2006 1435 2016 2197 1846 2189 2050 2132 1975 1896 1780 2148 1699 1805 2179 2008 2048 
1976 1501 1735 2069 1762 1937 1615 2175 1702 2139 1639 1865 2010 1647 1712 2032 1971 1397 1688 1504 1844 1539 1492 1826 1676 1393 1601 1897 1710 1812 1455 1981 2091 1682 1832 2086 1803 1854 1454 2133 1542 1602 1740 2038 1559 1515 2166 1866 1632 1443 1647 2041 1781 1721 2025 1933 2105 1618 2080 2153 1709 1485 1897 1476 1580 1617 1556 1614 1905 1817 2161 1692 1726 1476 1947 1410 1805 1740 1429 1850 1436 1440 1727 2143 1526 2087 1465 1896 1764 1879 2175 1938 1781 1961 1496 2076 1450 1433 1598 2085 
1518 1995 1950 2029 2097 1710 1639 1649 1961 1503 2153 1583 1645 1899 2129 1489 1571 1802 1480 2142 1446 1468 1748 1709 1972 1597 2133 1819 1437 2146 1597 1414 1500 1951 2196 1816 1914 1695 1479 1986 2092 1427 1520 1769 1750 1898 1943 2135 2024 1960 1709 1499 2180 1625 1853 1728 1842 1613 2119 1851 1766 1889 2181 1929 1823 2069 1413 2061 2203 1791 1828 1911 1435 2095 1440 1806 2095 1897 1412 1929 2047 1864 1621 1384 1497 1785 1915 1779 1386 1461 1575 1842 1552 1518 1624 1656 1525 1429 2200 1743 
1505 1413 1437 2069 1986 2044 2161 1464 1530 1897 2180 1532 1975 1894 1670 1565 2130 2120 1776 1571 2204 1772 1693 1483 1386 1985 1893 1888 1877 1491 1479 1763 2036 1946 2134 1727 1400 1431 1843 1997 1619 1744 1612 2151 2007 2006 1862 1455 1516 1547 1773 2191 1462 1637 1908 1915 1573 1582 1745 2025 1452 1448 1505 1786 1556 1394 2185 2027 1812 1582 1791 1684 2110 1643 1650 1621 1842 1944 1793 1486 2182 1886 1622 2051 1628 2019 2024 1521 2123 1496 1924 1769 1846 1949 2060 2108 1975 1830 1409 1406 
1589 2178 2117 1582 1391 1988 1739 2209 1597 2083 1807 1555 1557 1581 1886 2104 1920 1992 1746 1956 1415 1758 1406 2171 1679 2143 1434 1841 1533 1952 2072 1615 2017 2138 1888 1749 1480 1642 2142 1793 1983 1823 2123 1892 1792 1667 1934 1849 1917 2063 1501 1595 1713 2147 1519 2058 1851 1640 1729 1643 1465 1728 1512 1982 2046 1837 2055 1715 2165 1603 2007 1563 1485 1768 1636 1920 2090 2086 1512 2000 1778 1786 1532 1404 2200 1689 1997 1601 1704 2067 1433 1480 1848 1441 1629 1826 2041 1961 2200 1460 
2141 2167 2033 1617 1649 1429 1675 2176 1884 1951 1640 1832 1561 2142 2200 1672 1786 1939 1442 2154 2125 1947 1424 2208 1443 2096 1469 1709 1948 1531 1696 1531 1420 2079 1633 2199 1682 2025 1387 2096 2204 2062 1571 1823 1823 1981 1427 1995 1852 2154 1460 1748 1848 1952 1728 2089 1779 1455 2079 1888 1522 2062 1393 1903 2088 1457 2107 1522 2040 1887 1502 1518 1416 1845 1895 2014 1855 1488 1927 2113 1416 1873 2143 2099 2026 1573 1815 2064 1699 2095 1684 1760 2151 1678 1777 1415 1841 1519 1875 1678 
1866 1896 2033 1994 1633 2128 1464 2149 1506 2041 1631 2122 2110 1844 1556 1541 1770 1599 1403 1617 1384 2007 1448 1570 1861 2202 1796 1958 1966 1953 2007 2144 1740 1631 1516 1631 1454 1429 1519 1671 1801 1776 2120 1871 1697 1720 2078 1518 1675 1661 1394 2166 1976 1656 2053 1892 2014 1500 1722 1610 1704 1683 2011 1451 1982 1801 1411 1674 1718 1743 2103 1565 1769 2090 2160 1897 2007 2023 2194 1704 1553 2143 1646 1952 1620 1644 1841 1405 1757 1894 1597 1799 1547 1611 2059 1879 2049 2030 1552 1902 
1644 1633 2143 1752 2012 2039 1946 1904 1585 1621 1586 1507 1847 1647 2120 1428 1689 1510 2140 1693 1956 1486 2177 1471 1756 2207 1824 1672 1541 1692 1543 1932 1667 1644 1750 1588 2180 1825 1596 2027 1736 1461 1685 1729 1489 1991 1736 1862 1846 2015 2204 1966 1733 1630 1471 1706 1620 1753 1734 1440 1583 1748 1974 1503 2033 2163 1436 2012 1994 1577 1988 1505 2134 1694 1723 2139 2203 1589 2032 1437 1405 2017 2142 1937 1829 1483 2008 1467 1381 1614 1646 2114 1451 1711 2060 1791 1870 2162 2025 1941 
1746 1714 2183 1796 1665 1949 1494 1572 1447 1687 2094 1896 1433 1672 1734 1500 1755 1531 1605 1796 1381 2185 2069 1669 1640 1780 2108 1913 2106 1698 1974 1972 1858 1660 1725 1584 1597 1971 1810 1454 1844 1635 1649 1959 2000 2085 2145 2011 1605 2117 1826 1730 2010 2197 1619 1520 1690 1747 1967 2203 2123 1698 1661 1446 2108 1587 1935 2037 1611 1684 1780 1638 1468 2019 2192 1461 2162 1708 1558 2188 2097 1798 1940 1556 1753 1525 1399 1395 1484 2008 2014 2088 1461 1671 1694 1955 1727 2022 1449 1968 
2072 2124 2124 1818 1556 1963 2048 1628 2015 1769 2086 1751 1913 1776 2081 2030 1651 1554 2187 1747 1436 1657 1586 1845 1770 2028 1723 1476 1505 1557 1461 1769 1528 1723 1634 1532 1981 1533 2205 2129 2156 2156 1889 1706 1848 2143 2103 1520 1920 2047 1443 1551 1407 2183 1731 2107 1585 2026 2175 1644 1474 1897 1680 1822 2044 1603 1582 1590 1610 2198 1570 1666 1645 1521 1828 1441 1827 1559 1443 1593 2006 1385 1575 1675 1984 1538 1733 2090 1521 1691 1520 2006 1822 2168 1771 2202 1855 1798 1792 2189 
2080 1678 1860 1955 2074 2182 2152 1718 2128 1913 1634 1460 1945 1553 1609 1401 1669 1904 1753 1623 1750 1793 1645 1554 1489 1535 1976 1406 2057 1468 2107 1925 1904 1595 1804 1446 1524 1723 1997 1661 1750 1485 2073 2078 1713 1561 2162 1465 1929 1682 1619 1665 2093 1672 1448 2189 1482 2101 2017 2056 1615 1497 1943 1561 1897 1496 1981 2084 1927 2081 1829 1705 2105 1688 1658 1900 1990 1704 2123 1957 1892 2155 1475 2196 1676 1797 1562 1951 1717 2035 1452 2115 2089 2041 1760 2166 1388 1679 2145 1973 
1501 1466 1429 2147 1391 1941 1623 1459 1996 1823 2196 1493 1575 1803 1978 1491 1434 1895 1761 1483 1626 1429 1847 1674 1806 1765 1954 1567 1826 2181 1450 1792 1707 1718 1690 1778 2182 1460 1960 1455 2107 2030 1855 1745 1416 1652 1640 1951 1709 2089 1474 2088 1717 1997 1503 1570 2188 1726 2119 2044 1613 1786 1689 1414 2208 1848 1481 1931 1985 1984 1906 2133 1592 1498 1595 2073 1670 1392 1849 1962 1646 1600 1490 1419 1650 2150 1763 1488 1785 2140 2110 1649 1892 1689 2078 1884 1574 1890 1679 1849 
1458 1572 1481 2058 1644 1800 1464 1677 1685 2163 1411 2097 2188 1644 2173 2149 1926 1446 2132 1941 1751 1836 1859 1448 1970 2188 1977 1560 1389 2021 1572 1857 1970 1496 1706 1719 1584 1904 1709 1538 2162 1827 2023 1675 1453 1550 2040 1602 1739 1672 1664 2071 1970 1855 1454 2094 1478 2174 1455 2118 2058 1788 1681 1641 1899 1675 2105 1978 2090 1894 1531 1745 1886 1492 1489 2150 1908 2150 2141 1854 1661 2172 1863 2015 1382 2191 1525 1659 1528 1459 1647 1867 1732 1816 2038 1519 1461 1485 1468 1386 
1451 1535 1603 1615 1581 1418 2017 2092 1941 1493 2049 1933 1564 1886 1958 2172 1528 1920 2133 1988 1464 1853 1928 1441 1734 2106 1643 1797 1493 1647 2045 1497 1976 2124 1407 1488 2150 2171 1843 1643 2107 1585 1773 1489 1658 1594 1755 1712 1444 1957 1502 1385 1717 1838 1639 1736 1944 2035 1770 1660 1799 2120 2161 1681 1514 1898 1818 2116 1536 1561 1855 1735 1946 1399 1468 1493 1661 1752 1387 1413 2004 1736 1858 1745 1472 1785 2011 1517 1613 1406 1656 2099 1800 1917 1487 1437 1437 1666 1968 2137 
1861 1699 1844 1819 1434 1524 2086 1400 1732 1708 2163 1906 1446 1414 1387 1946 1746 1393 1840 1887 1523 1493 1732 1688 1523 1787 1520 2143 1580 1447 1613 1688 1892 1597 1654 1987 1398 1919 1969 2015 1912 2178 1608 1934 1954 1632 1636 2032 2038 1446 2169 1782 1935 2080 1966 1620 1869 2150 1562 1839 1552 1713 1959 1547 1716 1901 1500 2012 1456 1775 1887 1387 1883 2002 2171 1764 2184 2120 1614 1932 1876 2124 1874 2185 2190 1950 2058 1549 2127 2088 1734 1887 1627 1956 1902 2171 1443 1993 2089 1785 
1574 2044 2195 2052 1549 1784 1825 1484 1765 1496 1931 1410 1485 1756 1663 2185 1780 2112 1470 1545 1543 1391 2086 1856 1712 1571 1940 2185 1782 1970 1690 1997 2092 1647 2209 1494 2059 1833 1824 1866 2083 1913 1929 1900 1633 2070 1631 1423 1579 1771 1707 1400 1574 2189 1913 1384 1452 1714 2197 1857 1956 2197 1535 2016 1869 2155 2011 1595 2014 2172 1695 1852 1967 1467 2020 1865 1599 1876 1667 1853 1527 1825 1864 1772 1835 1522 1412 1455 1653 1426 1531 1471 2160 1916 1505 1852 1840 1572 2166 1770 
1767 1994 1500 1958 2078 1942 1494 1923 1971 1809 2114 1887 2121 1874 1454 1678 1912 1595 1564 1791 1536 1885 1721 1623 1480 1944 2097 1996 2018 2118 1523 1678 1796 1811 2179 2030 1597 1762 1899 1965 1770 1628 2175 1540 1709 1433 1488 1507 1567 1791 1809 2125 1792 1743 1614 1926 1509 2200 1442 1930 1549 1888 2002 2154 2015 1639 2146 2106 1726 2156 1427 2140 1687 1578 1440 1673 1500 1739 1818 2157 2145 2087 1651 2190 1466 1594 1852 1754 2146 2121 2066 1817 1718 1903 1885 1505 1835 1749 1382 1610 
1827 1891 2056 1936 1408 1417 2055 1458 1506 1862 1625 1969 1802 1863 2015 1555 1808 2166 2204 1921 1673 2111 1586 1872 1783 2000 1957 1947 1890 1957 1817 2094 2191 1746 1680 1926 1889 1530 1932 1600 1651 2072 1725 1791 1630 1794 1840 2068 1859 1485 1554 1526 1483 1761 1660 1657 1951 1862 1590 1474 1711 1570 1498 2193 1420 1436 1660 1601 1983 1480 1442 1608 1942 1420 1553 1570 1963 2138 1764 1681 1489 1997 2079 2039 1588 1941 2137 1584 1810 1660 2195 1971 1821 1718 1396 1779 2098 2031 2140 2063 
2144 2201 1845 1695 1684 1733 1545 1755 2100 1818 1659 2085 1395 1732 1682 2144 2047 2067 2207 1394 1487 1628 2168 2103 1661 1529 1897 1478 1670 1573 1906 1588 1726 1885 1846 2159 1748 1694 1866 1590 1995 2039 1790 1815 1546 1479 1667 2096 2186 1861 2117 1851 2069 2176 1952 1688 1733 2027 1420 1817 1934 1878 1948 1652 1400 1893 1558 1719 1969 2209 1719 1495 1888 1607 2001 2199 2207 1424 1752 1862 1788 2134 2158 1814 2164 1657 2148 1575 1532 1580 1890 1481 1637 1625 1789 1820 2129 1608 1656 1664 
2069 1594 1511 2060 2061 1786 1722 1477 2044 1823 2175 1453 1477 2152 1534 1638 1863 2162 1512 2179 1414 1647 1523 2187 1522 1793 2108 1536 1627 1412 2129 2196 1779 2208 1983 1427 2034 1722 2188 1818 1910 2066 1976 1888 1974 1516 1884 1706 1468 1974 1733 2005 2098 1878 1994 2182 1921 1581 1938 1779 1624 1916 1699 1914 1447 1761 1601 1557 1930 2093 1383 1507 1706 1892 1515 1515 2125 1862 2013 1664 1803 1736 1527 1828 1467 1477 1936 2128 1878 1833 1617 1506 1589 1555 1999 1903 1807 1948 1577 1748 
